       -0.0210503000
       -0.0310083218
        0.0127366029
       -0.0495929187
        0.0331309858
        0.0477735497
        0.0053214002
        0.0208536226
        0.0416248002
       -0.0409800998
        0.0241065517
       -0.0261316024
       -0.0095329671
       -0.0243754533
        0.0083025537
        0.0258440068
        0.0034491753
        0.0135894027
       -0.0279313605
       -0.0345786037
       -0.0015543761
        0.0298224955
        0.0329960293
        0.0276086434
        0.0258626896
       -0.0399482884
       -0.0190827099
        0.0473245023
        0.0081251995
        0.0385517204
       -0.0366421573
        0.0347259903
        0.0231034312
        0.0202238195
       -0.0417459340
       -0.0406592199
        0.0298502358
       -0.0368724686
        0.0457118621
       -0.0383810836
        0.0011583818
       -0.0249993655
       -0.0281492692
        0.0315667652
        0.0171542431
       -0.0406767259
       -0.0386037495
       -0.0316679058
        0.0122562352
        0.0149881102
       -0.0013835513
        0.0444910781
       -0.0207051743
        0.0390259971
       -0.0379288676
       -0.0086796027
        0.0062241605
       -0.0167733467
       -0.0316760954
        0.0207200818
       -0.0254888828
       -0.0170264874
        0.0488048269
        0.0421272886
        0.0202281583
        0.0194402538
       -0.0291754334
        0.0210507132
        0.0183921476
       -0.0035128315
       -0.0430047010
        0.0113056597
        0.0437522708
       -0.0360062883
       -0.0410759567
        0.0175019773
       -0.0195268606
        0.0452686343
       -0.0441807187
        0.0376722229
       -0.0286845362
        0.0455588785
       -0.0439367469
        0.0408345442
        0.0482541638
       -0.0437900690
        0.0154306225
        0.0175616228
        0.0366642681
       -0.0182272106
        0.0212026401
        0.0040975630
       -0.0082546391
       -0.0498491534
       -0.0149384890
        0.0424369349
        0.0264341988
        0.0054262290
        0.0215239488
        0.0313615390
        0.0109247148
       -0.0474983389
       -0.0119835964
        0.0224797032
        0.0344982219
        0.0401544618
        0.0185186223
        0.0364715568
        0.0323448592
        0.0321266611
        0.0403057110
       -0.0148953558
        0.0285573655
        0.0328150512
       -0.0301826410
       -0.0334246696
        0.0437194557
        0.0454096198
       -0.0191901265
       -0.0326680689
       -0.0259415670
       -0.0351112857
        0.0044707828
       -0.0408773736
       -0.0292953153
        0.0106677955
       -0.0346765204
       -0.0060299447
        0.0035523913
       -0.0468151759
       -0.0151600066
        0.0486306741
       -0.0381956757
        0.0287304939
        0.0073634283
       -0.0426332284
       -0.0272399756
       -0.0097454418
        0.0186084611
       -0.0056190077
        0.0196310976
       -0.0151315996
       -0.0070356489
       -0.0067964433
       -0.0061043848
       -0.0375228785
       -0.0219076039
       -0.0271443768
        0.0101246108
        0.0280589944
       -0.0171531986
       -0.0233528183
       -0.0255334775
        0.0476966233
        0.0009008860
       -0.0379520155
        0.0208002071
        0.0477795242
       -0.0262715682
       -0.0425242275
        0.0358445877
       -0.0030534203
        0.0083644361
        0.0467219887
       -0.0456536151
       -0.0420072817
       -0.0157934448
       -0.0027382387
       -0.0469093396
        0.0013108123
       -0.0225071750
       -0.0110523770
        0.0360295884
       -0.0433182071
       -0.0462023971
        0.0221795381
        0.0333004431
       -0.0489348903
       -0.0290413202
       -0.0104771644
        0.0147416332
       -0.0238247027
       -0.0160410043
       -0.0164887246
        0.0346481573
        0.0496304879
        0.0497189453
       -0.0228740982
        0.0205877194
       -0.0124384832
        0.0113995726
       -0.0474546922
       -0.0417173990
       -0.0028346859
        0.0206138028
       -0.0297105347
        0.0452118883
        0.0049772523
        0.0287975001
       -0.0155954557
        0.0013259552
       -0.0302857054
        0.0489010386
       -0.0288168707
       -0.0191306559
       -0.0423157351
        0.0186504883
        0.0116444303
       -0.0170374460
       -0.0465591836
        0.0447846440
       -0.0163526676
       -0.0198089117
       -0.0179419329
        0.0083976622
        0.0400454794
        0.0446521711
        0.0081606576
        0.0194912537
        0.0043064652
       -0.0442396131
        0.0250063223
        0.0243669063
       -0.0189445764
        0.0055399308
        0.0159191635
       -0.0178360560
        0.0437596551
       -0.0327218641
       -0.0203789718
       -0.0458194262
       -0.0206557192
       -0.0154500689
       -0.0339782343
        0.0096207077
       -0.0172858229
        0.0351363334
       -0.0008210251
        0.0129117910
       -0.0254993095
       -0.0394243348
       -0.0497125685
        0.0210673888
       -0.0279242967
       -0.0326489178
        0.0489481199
        0.0135153497
       -0.0289669873
        0.0437449100
       -0.0042492915
        0.0190079669
       -0.0397936208
        0.0245113220
        0.0103545812
       -0.0338520010
        0.0483591251
       -0.0001266231
       -0.0377036095
       -0.0168963042
        0.0207762033
        0.0175283225
        0.0115423911
       -0.0423217228
       -0.0426419452
       -0.0096328558
        0.0418893389
        0.0073546708
       -0.0223263105
        0.0296298412
       -0.0115125099
       -0.0251744672
       -0.0329797842
       -0.0062127228
       -0.0183859698
       -0.0351802773
       -0.0265798951
       -0.0012860178
        0.0483622204
        0.0012539470
       -0.0166465281
       -0.0082430361
        0.0426752879
       -0.0272012971
       -0.0042978806
        0.0057211230
        0.0212971714
       -0.0327335811
        0.0314603593
        0.0344569256
        0.0217316849
       -0.0357582976
       -0.0331511365
        0.0392590897
        0.0425177001
        0.0388156083
        0.0000457950
        0.0459051939
       -0.0268642339
        0.0009594840
       -0.0080225866
       -0.0491991639
        0.0315619461
       -0.0479744524
       -0.0422296391
       -0.0120001262
       -0.0347757454
       -0.0432255714
        0.0420746704
        0.0309296515
        0.0057320934
       -0.0107857843
       -0.0454250201
        0.0221926209
       -0.0358686842
        0.0008302364
        0.0231525184
        0.0187128600
        0.0196699174
       -0.0431721999
        0.0112047561
        0.0361810417
        0.0036467422
       -0.0001781737
       -0.0418478235
       -0.0140780044
       -0.0091617267
       -0.0372094428
       -0.0141709630
        0.0418875359
        0.0025607345
       -0.0379359232
       -0.0300221201
        0.0362148792
       -0.0242162868
        0.0289658122
        0.0212909348
        0.0024674428
       -0.0402471622
       -0.0111802167
        0.0012125073
        0.0419256298
       -0.0120913241
       -0.0087297359
        0.0286341964
        0.0199318781
        0.0093884780
        0.0297856716
        0.0279127748
        0.0382529303
       -0.0176635125
       -0.0256836402
        0.0006455118
       -0.0357981837
        0.0148142203
       -0.0084000299
        0.0230374747
       -0.0015779064
        0.0491155867
        0.0405189088
       -0.0417196505
       -0.0330878820
       -0.0167580629
        0.0069947565
       -0.0319804300
        0.0285089513
        0.0397252249
       -0.0357596913
       -0.0055590903
       -0.0437018656
       -0.0378755218
       -0.0022185548
       -0.0130145818
        0.0130331625
        0.0474606995
        0.0365918386
       -0.0225340502
        0.0181972086
        0.0095277923
        0.0223226067
        0.0007326765
        0.0140506415
       -0.0360363695
       -0.0476634877
       -0.0428847173
       -0.0271671420
        0.0156474849
        0.0496802444
        0.0349914930
        0.0132901324
       -0.0123759546
        0.0368562854
       -0.0288221406
       -0.0491058405
        0.0064030604
        0.0279122287
        0.0335601650
       -0.0117316352
        0.0453044825
       -0.0242045305
       -0.0307616180
        0.0243104816
       -0.0335117417
        0.0342486898
        0.0410188570
        0.0342330139
       -0.0493086004
       -0.0239072961
        0.0028398391
        0.0371207953
        0.0127048277
       -0.0182958676
       -0.0433386742
        0.0470096086
       -0.0490121784
       -0.0273110629
        0.0310861465
        0.0387823364
        0.0480385676
        0.0145003763
        0.0260286292
       -0.0437540043
        0.0370918610
        0.0264476915
        0.0411715068
       -0.0165528919
       -0.0222596341
        0.0375902795
        0.0068272706
        0.0222182341
       -0.0035811827
       -0.0407163710
        0.0273131786
       -0.0217513309
        0.0462358719
       -0.0295048576
        0.0047777972
        0.0206341745
       -0.0407983450
       -0.0495668195
       -0.0293039544
        0.0267143794
        0.0002592721
       -0.0248913840
       -0.0311815068
       -0.0161934217
       -0.0137968666
        0.0228592496
       -0.0477934615
       -0.0154391596
       -0.0237961806
       -0.0042919465
        0.0072925900
        0.0146147441
       -0.0067630553
        0.0152750314
       -0.0301169860
        0.0134094834
        0.0303913041
       -0.0129287087
        0.0268291401
        0.0174325465
        0.0295811075
        0.0343355069
        0.0144403315
        0.0347808551
        0.0205033895
       -0.0142667278
       -0.0272250440
        0.0387936484
       -0.0372991403
       -0.0495813338
       -0.0168806418
        0.0038589926
       -0.0178486685
       -0.0445410738
        0.0007297113
       -0.0318365063
       -0.0156961947
        0.0198584401
        0.0029981072
        0.0229613325
        0.0248254483
        0.0149263814
       -0.0265876178
       -0.0244060272
        0.0286792476
        0.0100584283
       -0.0440506417
       -0.0251362370
        0.0030002421
        0.0005444679
       -0.0360282400
        0.0465927143
       -0.0287822190
       -0.0271655180
        0.0194529393
       -0.0089729713
        0.0168465011
       -0.0056798022
       -0.0144014120
       -0.0298713722
        0.0486368341
       -0.0146468609
        0.0026637327
        0.0388576663
       -0.0340544329
       -0.0373233543
       -0.0432424412
       -0.0438501165
        0.0263938165
       -0.0376621169
        0.0131468785
       -0.0347407917
       -0.0317540942
       -0.0097819150
       -0.0175933568
        0.0329492673
        0.0483708469
        0.0402842171
       -0.0438210438
       -0.0244815621
       -0.0089921726
       -0.0323233279
        0.0447044523
       -0.0285019379
       -0.0253914077
        0.0447945691
       -0.0086813269
       -0.0403179994
       -0.0102217162
       -0.0289624492
        0.0087255257
        0.0008164716
       -0.0250636698
       -0.0071454784
        0.0056473414
        0.0395996959
       -0.0209770095
        0.0230065173
       -0.0359023085
       -0.0397966257
        0.0403027839
       -0.0000768072
        0.0236660846
       -0.0037161158
        0.0172584982
       -0.0393117508
       -0.0006312789
        0.0442882150
        0.0045421217
        0.0078205997
       -0.0235520675
       -0.0058472877
       -0.0025115365
        0.0034059795
        0.0240938031
       -0.0149701036
        0.0276846979
        0.0096448161
        0.0283830209
       -0.0286686410
       -0.0487310669
       -0.0017291497
       -0.0111875232
        0.0475069760
        0.0299669367
       -0.0156954280
        0.0204666024
        0.0086799988
       -0.0404784178
       -0.0141896509
       -0.0101891311
       -0.0279409369
        0.0408213175
        0.0035430298
        0.0146225794
        0.0204383301
        0.0311962385
        0.0406157815
       -0.0010722665
       -0.0299771813
       -0.0454053904
       -0.0215189314
        0.0014961398
       -0.0164538463
        0.0260241360
        0.0381845158
       -0.0239625837
        0.0383983451
       -0.0026007580
       -0.0366937321
        0.0371115219
       -0.0092431875
        0.0275040460
       -0.0336460529
        0.0417268548
       -0.0326605679
        0.0316968665
       -0.0177229097
        0.0281949624
        0.0303090171
        0.0356462069
        0.0191452687
        0.0155167465
       -0.0078277542
        0.0009143343
        0.0086332106
       -0.0218583870
       -0.0283702338
        0.0471358936
        0.0487502218
       -0.0491486282
       -0.0212763335
       -0.0311780291
        0.0430654925
       -0.0279374883
        0.0418246413
       -0.0084427658
        0.0438525397
       -0.0034408761
        0.0215656333
        0.0243924232
        0.0453208831
        0.0156579745
        0.0219537530
        0.0461210073
       -0.0397072970
        0.0191551951
       -0.0217391376
       -0.0107619433
       -0.0238222838
       -0.0053626341
        0.0000226078
       -0.0210859489
        0.0245344999
       -0.0313475922
        0.0438551147
        0.0098637774
       -0.0400930575
        0.0361596921
        0.0145191367
        0.0478725507
       -0.0449715158
       -0.0456768559
       -0.0027814772
       -0.0031319512
        0.0461592198
        0.0152019222
       -0.0336036040
       -0.0172756789
        0.0240166420
       -0.0363254652
       -0.0162636767
       -0.0322492733
       -0.0250912506
       -0.0455323069
       -0.0072943419
       -0.0149430479
       -0.0136823429
       -0.0373980508
       -0.0454055808
        0.0364315259
        0.0154065618
       -0.0302503472
       -0.0499004565
       -0.0182152217
       -0.0186604288
        0.0460398133
        0.0469417627
       -0.0447340989
       -0.0387820008
       -0.0450117569
       -0.0016425761
       -0.0315354432
        0.0289091383
        0.0155543388
       -0.0147855542
       -0.0078016382
       -0.0476672291
        0.0165927543
       -0.0240220867
        0.0262273645
        0.0359421610
       -0.0197685531
       -0.0096965086
        0.0417575763
        0.0470111454
        0.0240598993
       -0.0447456360
       -0.0393113984
        0.0058939600
        0.0464367419
        0.0433875847
       -0.0492508060
        0.0384449433
        0.0243619407
       -0.0173341700
       -0.0316577126
       -0.0173929113
        0.0419060477
        0.0372983569
        0.0476266944
        0.0077058346
       -0.0147521105
        0.0486048211
       -0.0198227305
       -0.0362694987
       -0.0345143144
        0.0214210211
        0.0402433668
       -0.0451370596
       -0.0182458357
        0.0200485131
       -0.0158329656
       -0.0089180649
        0.0452602678
        0.0101424733
        0.0358772438
        0.0192798715
        0.0079289318
        0.0058302430
       -0.0014651371
       -0.0298054335
        0.0302900416
        0.0148379842
       -0.0227687058
       -0.0043552713
       -0.0395558012
        0.0297551201
       -0.0236722707
        0.0174920468
       -0.0236073091
       -0.0414535306
        0.0375527284
        0.0265917183
       -0.0025039259
        0.0041176595
       -0.0284702014
        0.0405372212
       -0.0465259332
        0.0387814092
        0.0178352520
        0.0232676045
       -0.0462939776
        0.0061565022
       -0.0353291127
        0.0352990019
        0.0419562797
        0.0343935453
       -0.0293808598
       -0.0358741159
       -0.0089741250
        0.0192402331
       -0.0458464223
        0.0447771240
       -0.0230686595
       -0.0025362384
        0.0157412591
       -0.0395860647
       -0.0285885002
        0.0274558964
        0.0035420519
       -0.0007859242
       -0.0123316644
        0.0374950536
        0.0079712382
       -0.0422862794
       -0.0058750341
        0.0448913819
       -0.0233800210
       -0.0187154720
       -0.0141296884
       -0.0340629718
        0.0053225433
       -0.0131922950
        0.0132545319
        0.0365746757
       -0.0314560709
        0.0378595023
        0.0063025119
       -0.0178828859
        0.0207551210
       -0.0177723094
        0.0471724331
        0.0132941259
       -0.0257226210
        0.0413005208
       -0.0307923459
       -0.0082363753
        0.0489468203
       -0.0151142366
       -0.0275134259
        0.0250519918
       -0.0018122550
       -0.0207588092
       -0.0133508268
        0.0061190001
       -0.0263379740
        0.0286067266
        0.0094749607
       -0.0180337182
       -0.0185290848
       -0.0106807606
       -0.0479315447
       -0.0158815903
        0.0173415313
       -0.0373510017
       -0.0339569423
        0.0425865207
       -0.0078232545
       -0.0064970474
       -0.0392648777
       -0.0263391805
        0.0037247990
       -0.0154592959
       -0.0002930812
       -0.0197594466
        0.0363056673
       -0.0323455062
       -0.0021518083
        0.0169110390
        0.0132063484
        0.0443997159
       -0.0481462830
        0.0195418143
        0.0197628286
        0.0007685671
       -0.0305593987
        0.0288600704
       -0.0046033861
       -0.0327250794
       -0.0106489645
       -0.0386280259
        0.0247699646
        0.0216889836
       -0.0481184977
       -0.0485272933
       -0.0285708296
        0.0105837818
       -0.0203896700
       -0.0482942761
        0.0171308592
       -0.0468147026
       -0.0009824480
        0.0432622487
       -0.0121489158
        0.0259937180
       -0.0004656573
        0.0059294610
        0.0100198167
       -0.0151589932
       -0.0118056964
        0.0421163404
        0.0367115885
        0.0348996684
       -0.0282753293
       -0.0416595422
       -0.0084503571
       -0.0173476939
        0.0195048851
        0.0112345917
        0.0248375337
       -0.0171317397
       -0.0106405029
       -0.0263243966
       -0.0304674420
       -0.0003493900
       -0.0353651458
        0.0420579711
        0.0231413217
        0.0208430602
       -0.0153997449
       -0.0216997338
        0.0234443127
        0.0370832853
       -0.0000142333
       -0.0167688155
        0.0010084070
        0.0030703385
       -0.0073434453
       -0.0130972006
       -0.0230224336
       -0.0017763125
       -0.0228386116
        0.0366140649
       -0.0205720558
        0.0140134416
        0.0143995411
       -0.0358940201
        0.0056274615
        0.0222997788
        0.0005121759
       -0.0344451393
       -0.0062211425
        0.0331992283
       -0.0450388353
        0.0259788102
        0.0027183457
       -0.0374280560
       -0.0221834400
       -0.0372601227
       -0.0457312194
        0.0117800674
       -0.0239578274
        0.0010343801
       -0.0015763760
        0.0133862104
       -0.0034265706
        0.0344853345
       -0.0072781835
       -0.0006691384
        0.0278575732
       -0.0478141905
       -0.0204014121
       -0.0326408585
        0.0085396805
       -0.0498635542
        0.0296965262
       -0.0026420636
        0.0443140332
        0.0157049115
        0.0280268446
        0.0421112302
       -0.0306966872
       -0.0489671817
       -0.0110275138
        0.0352325169
       -0.0177208583
        0.0490945094
       -0.0472210911
       -0.0327471187
       -0.0396940207
       -0.0253497088
        0.0431721120
        0.0129185339
       -0.0043218919
        0.0494436372
        0.0244985680
       -0.0311374018
       -0.0440236014
        0.0343272642
        0.0299733213
        0.0008590887
        0.0116870917
        0.0052423687
       -0.0389874011
        0.0142139749
       -0.0343072409
       -0.0072774972
       -0.0166105174
       -0.0054821657
        0.0227681480
       -0.0422172392
        0.0158728612
        0.0417585592
        0.0020502718
       -0.0444956753
        0.0285985988
       -0.0135791056
        0.0340275881
        0.0266222810
       -0.0077127579
        0.0291993161
       -0.0462816869
        0.0285589099
       -0.0075814608
        0.0155069994
        0.0216432837
        0.0020674357
       -0.0054603014
        0.0314221045
        0.0484641820
        0.0022685683
       -0.0469887977
        0.0181375376
        0.0362046978
        0.0299706609
        0.0280828243
       -0.0464973302
       -0.0249973889
        0.0166938198
       -0.0479236685
       -0.0147424679
        0.0483703201
       -0.0304997092
        0.0226498242
        0.0050140756
       -0.0280872354
        0.0052198331
       -0.0418376452
       -0.0076784567
       -0.0291609466
        0.0411703630
       -0.0172512510
       -0.0143326896
        0.0339305281
       -0.0423930758
       -0.0026384583
       -0.0408393971
        0.0161021713
        0.0170953178
        0.0097368842
       -0.0332640510
        0.0312628653
        0.0146180488
       -0.0216336169
       -0.0420345050
        0.0164546927
       -0.0466909531
        0.0449709078
       -0.0094985030
       -0.0352245619
        0.0129119003
        0.0354740655
       -0.0282993207
       -0.0249317684
       -0.0432429716
        0.0089239238
        0.0279659945
        0.0467197004
        0.0423850677
       -0.0430815703
        0.0380910193
        0.0188420604
       -0.0484723808
       -0.0404207085
       -0.0415810560
        0.0378152399
       -0.0227762043
        0.0191039947
       -0.0286428437
        0.0492028540
        0.0412482247
        0.0049965256
       -0.0196051824
       -0.0090496784
        0.0268665299
       -0.0328941137
        0.0437187257
        0.0101275778
        0.0094678947
        0.0446655782
       -0.0268474909
       -0.0417196754
       -0.0000643362
        0.0022621666
       -0.0093013035
        0.0324436238
        0.0107556657
        0.0258357720
       -0.0375695968
        0.0034362313
        0.0289069236
       -0.0442544831
        0.0247912179
        0.0491171426
        0.0017105035
        0.0389232440
        0.0433223709
       -0.0017011608
        0.0200041812
       -0.0149248964
        0.0136661706
        0.0164200632
        0.0432820068
       -0.0010474669
       -0.0183976185
       -0.0038848883
        0.0048964587
       -0.0274497580
        0.0358336823
        0.0289581913
        0.0452529133
        0.0486166297
        0.0052323051
        0.0284126458
       -0.0268237658
       -0.0411626065
       -0.0073303238
       -0.0386058560
       -0.0099569961
       -0.0301567227
        0.0178310089
        0.0487694728
        0.0433961498
       -0.0238980401
       -0.0492083569
       -0.0475793204
        0.0217902684
       -0.0155762728
       -0.0009080216
       -0.0238481415
       -0.0449978604
        0.0048401261
       -0.0205630281
       -0.0108305596
       -0.0238113866
        0.0120064818
       -0.0340441741
        0.0095868138
        0.0031650875
       -0.0223004358
       -0.0174862742
        0.0054892657
        0.0250824558
       -0.0012603690
        0.0169257902
       -0.0471832106
       -0.0184315928
       -0.0389166658
        0.0010049364
        0.0188199398
        0.0135072424
        0.0269079756
        0.0365368586
       -0.0339228259
        0.0040463452
        0.0399266192
       -0.0119782791
        0.0400369896
       -0.0240479176
        0.0100548336
       -0.0448153923
        0.0132961886
       -0.0430681299
        0.0275870887
        0.0022019983
        0.0377655787
       -0.0048273579
       -0.0484775785
        0.0409128446
       -0.0023007615
        0.0242476386
       -0.0181505732
       -0.0143800926
       -0.0246309118
        0.0200682242
        0.0336381555
        0.0456235577
       -0.0212340670
        0.0349150043
        0.0438956626
        0.0110438534
        0.0113881330
        0.0395709534
       -0.0081404389
        0.0341378154
       -0.0301722594
        0.0284453901
       -0.0201889769
        0.0234379784
        0.0490378951
        0.0161486491
       -0.0135082304
        0.0489141826
        0.0411015348
        0.0485746708
       -0.0384938556
        0.0476351535
        0.0081765169
        0.0222621667
        0.0124089903
       -0.0078701304
        0.0492247809
        0.0473442466
        0.0353698842
        0.0258131415
        0.0217700985
        0.0213465037
        0.0258771441
       -0.0296100233
       -0.0087831635
       -0.0205419708
       -0.0031471652
       -0.0179561459
        0.0080924227
        0.0028190035
        0.0291014341
       -0.0212091877
       -0.0352539234
        0.0172066045
       -0.0071415552
       -0.0139422724
       -0.0382887323
        0.0480237154
        0.0284486789
       -0.0224058870
       -0.0385517600
        0.0206628985
        0.0054747072
        0.0372552300
        0.0026542750
        0.0072424428
       -0.0005940646
        0.0304292797
        0.0195619316
       -0.0437762140
       -0.0181165915
       -0.0450382644
        0.0275918230
       -0.0050286595
        0.0443152655
       -0.0231090858
       -0.0489716726
        0.0141825606
        0.0212337391
        0.0177236922
        0.0396488667
       -0.0217292164
        0.0493020628
        0.0247415803
       -0.0393609117
       -0.0275334936
       -0.0173960333
        0.0423686332
       -0.0056840977
        0.0124614789
       -0.0027990070
       -0.0322851436
       -0.0478909248
        0.0444283952
        0.0174074962
        0.0410034679
       -0.0257134711
       -0.0167542004
        0.0080641558
       -0.0068680634
       -0.0470211907
       -0.0402692309
       -0.0076021737
       -0.0032327150
       -0.0161318304
       -0.0019125812
        0.0073999187
       -0.0238600387
        0.0249251276
        0.0398876162
       -0.0350479657
        0.0203984500
        0.0186559493
       -0.0473856947
       -0.0353023003
        0.0402278187
        0.0005210181
       -0.0273145484
       -0.0050223109
        0.0344663325
        0.0092122468
       -0.0454011746
       -0.0399982554
       -0.0365692090
       -0.0414384645
        0.0318473713
       -0.0170554065
       -0.0073253106
        0.0227271836
        0.0392361932
        0.0425531516
        0.0151642027
       -0.0356618021
        0.0268441338
       -0.0039514813
        0.0337615838
       -0.0438650245
        0.0198990472
        0.0176904292
        0.0053754420
        0.0069060318
        0.0158865244
        0.0212535173
       -0.0261794942
       -0.0192187553
        0.0383452984
       -0.0416675357
        0.0443104076
       -0.0294767455
        0.0352455777
       -0.0382054231
        0.0443098088
       -0.0138477497
        0.0317075604
        0.0237575511
        0.0020400589
        0.0160839892
        0.0476006021
       -0.0033407202
       -0.0496520363
       -0.0182625230
        0.0077733939
        0.0440833911
        0.0337845389
       -0.0005453428
        0.0319515463
        0.0032923167
       -0.0304116601
       -0.0010670570
        0.0251051807
        0.0103378357
        0.0198784239
       -0.0052204276
       -0.0302552512
       -0.0085283169
       -0.0286276217
        0.0330487973
       -0.0204559523
        0.0035027858
        0.0073777031
        0.0189128509
        0.0221523287
        0.0128952247
        0.0432632134
        0.0085720802
        0.0264182040
       -0.0051001396
        0.0109745186
       -0.0162574031
        0.0331981952
       -0.0254781688
        0.0377917175
        0.0256783590
        0.0460071545
        0.0443118966
       -0.0486154666
       -0.0207929348
       -0.0166875397
        0.0390291666
        0.0342687965
        0.0314515651
        0.0396400489
        0.0147206227
       -0.0226039866
       -0.0336001069
       -0.0075460386
        0.0237367844
        0.0229283244
        0.0270184850
        0.0360728543
        0.0004510975
        0.0167825784
        0.0251788100
        0.0166424453
       -0.0443367119
       -0.0332423573
        0.0169069743
       -0.0014145605
       -0.0313125743
        0.0106909437
        0.0035797101
        0.0417786253
        0.0037752493
       -0.0062329878
        0.0055005886
        0.0077331064
       -0.0143428722
        0.0302659161
        0.0338475907
        0.0203688948
       -0.0085087337
        0.0232778183
        0.0471258835
        0.0162284919
       -0.0429998673
       -0.0469419868
        0.0076948474
        0.0332259298
        0.0390020519
       -0.0311398704
       -0.0169263335
       -0.0271075846
        0.0185702410
        0.0077454393
       -0.0417707997
        0.0362119651
        0.0033094548
       -0.0383831173
        0.0116756816
        0.0387471500
        0.0129263484
        0.0121951162
        0.0295357395
       -0.0050258085
        0.0089559719
       -0.0402886390
        0.0021038038
        0.0350136438
        0.0345972750
        0.0497174310
        0.0436937703
       -0.0116560882
       -0.0047932965
        0.0227026563
       -0.0072791754
       -0.0212041885
       -0.0493146876
        0.0423617865
       -0.0023110544
       -0.0317213444
        0.0040347262
        0.0498535735
        0.0279089003
        0.0010111153
        0.0487619856
        0.0188021567
       -0.0334199834
        0.0314605678
       -0.0333982245
        0.0303994245
       -0.0026905391
       -0.0442624856
        0.0205252445
       -0.0353758958
       -0.0293884234
       -0.0198882523
       -0.0257651781
       -0.0448754079
       -0.0325121621
        0.0430798376
        0.0397158857
        0.0025885818
       -0.0409991664
        0.0194502903
       -0.0148216363
       -0.0109515277
       -0.0271277506
        0.0409937354
       -0.0176619060
        0.0386922474
        0.0140208503
       -0.0249285946
        0.0333588335
        0.0315116743
       -0.0076631958
       -0.0185208280
       -0.0066900696
        0.0486686775
        0.0069816322
       -0.0022611012
        0.0322610895
        0.0325374206
        0.0359937606
       -0.0376561186
       -0.0082680805
       -0.0013518196
       -0.0031225044
        0.0127820746
       -0.0063080605
        0.0442256761
       -0.0028107297
        0.0129389179
        0.0396544332
        0.0352397600
        0.0467819156
       -0.0359403245
        0.0028305099
        0.0305578320
        0.0464949161
       -0.0450342070
       -0.0103559329
        0.0393221203
        0.0072377755
       -0.0363836090
        0.0224385879
        0.0316064767
        0.0242935505
        0.0362890333
        0.0041090834
       -0.0236941632
       -0.0484430301
       -0.0068660447
        0.0469959964
       -0.0245427245
        0.0254582930
        0.0184385278
       -0.0350027773
        0.0220766158
       -0.0273914885
       -0.0193493545
        0.0004081799
        0.0375255162
       -0.0289983291
       -0.0266229887
        0.0068887148
        0.0331508423
        0.0419930154
       -0.0250467244
       -0.0182244886
       -0.0404462577
        0.0321112260
       -0.0048680792
       -0.0473486673
        0.0423833281
        0.0462064277
        0.0265711355
       -0.0458569763
        0.0323992566
       -0.0484526718
        0.0427987116
       -0.0042840679
        0.0027358303
       -0.0398143015
        0.0215063397
       -0.0269299721
        0.0339297277
       -0.0167661447
       -0.0215196109
       -0.0164314654
       -0.0340362580
       -0.0321182401
       -0.0173126684
       -0.0490351539
       -0.0173975360
       -0.0076395255
        0.0459540903
       -0.0442872857
        0.0328254944
        0.0242208569
        0.0478798801
        0.0200839883
       -0.0322265489
        0.0267680681
        0.0062853029
       -0.0255653000
        0.0498302474
       -0.0175782324
        0.0485939935
       -0.0147132426
       -0.0295776344
       -0.0326649881
        0.0207885820
        0.0331861380
       -0.0036246662
       -0.0106768807
        0.0419325475
       -0.0225643618
       -0.0469151511
       -0.0137335350
       -0.0297755849
       -0.0427490360
       -0.0203444759
       -0.0475982871
        0.0205383774
       -0.0433266756
       -0.0128370170
        0.0348283611
       -0.0092024717
       -0.0252841153
        0.0129527015
       -0.0181591836
       -0.0139605220
       -0.0401272082
       -0.0442150459
       -0.0088891013
       -0.0197181246
        0.0256246034
        0.0210101119
        0.0074550080
       -0.0348313583
        0.0128945379
       -0.0286483219
       -0.0497112306
        0.0118231334
        0.0393066680
        0.0187359483
        0.0169627415
        0.0375826354
       -0.0143936578
        0.0453737759
       -0.0005050302
        0.0127655354
        0.0087442204
        0.0123069912
       -0.0286478423
       -0.0252709494
       -0.0427817590
       -0.0269435954
        0.0302576898
       -0.0395799722
        0.0195340869
        0.0125260548
       -0.0497043913
        0.0419271166
       -0.0458023953
       -0.0270520154
       -0.0439748871
       -0.0353183906
        0.0375664977
       -0.0253786207
       -0.0363057657
       -0.0357012468
        0.0262258072
        0.0478669822
        0.0445136545
       -0.0426218840
        0.0123936785
        0.0131632495
        0.0310495589
       -0.0200917469
        0.0463174960
       -0.0253864215
        0.0476356374
       -0.0408835807
        0.0260986149
       -0.0309496739
        0.0400493510
       -0.0346542349
        0.0191260171
       -0.0278679895
        0.0264597180
        0.0316701359
       -0.0402047431
        0.0480394149
        0.0144771842
        0.0240417086
       -0.0473208519
       -0.0448499185
       -0.0247534324
        0.0078869089
       -0.0201742297
        0.0067784299
        0.0479875777
        0.0172068817
       -0.0408293163
        0.0307316217
        0.0021709352
        0.0272993242
       -0.0148269810
        0.0196715876
       -0.0216584473
       -0.0334552224
        0.0244828272
       -0.0445104960
       -0.0402558801
        0.0284592610
       -0.0433494172
       -0.0474755073
        0.0039061936
        0.0495118901
        0.0116879023
       -0.0273698363
        0.0273114131
       -0.0353867415
        0.0187964073
       -0.0408131325
       -0.0087221771
       -0.0242538464
        0.0189763210
       -0.0063015853
        0.0075852986
        0.0270480346
        0.0196087950
        0.0164119631
        0.0091728118
        0.0102251743
       -0.0369467498
       -0.0006924363
       -0.0438261575
        0.0098277999
        0.0004348273
        0.0025791466
       -0.0045823906
        0.0323342787
        0.0170326429
       -0.0290398868
        0.0043386342
        0.0430807195
        0.0150239338
       -0.0467799967
        0.0240974768
       -0.0223152446
       -0.0190787574
       -0.0412604874
        0.0102952029
       -0.0376596829
       -0.0358776461
        0.0195034385
        0.0160893511
       -0.0295844565
       -0.0320598395
       -0.0459463263
        0.0374384504
        0.0328093207
        0.0033942877
        0.0405282621
       -0.0331764200
        0.0171220701
        0.0331494817
       -0.0405766455
       -0.0350963893
        0.0387426892
       -0.0061866418
        0.0289403753
        0.0047396123
       -0.0012347240
        0.0002886918
        0.0314963898
        0.0166972627
        0.0350727486
       -0.0352610399
       -0.0185513436
        0.0184153415
       -0.0498482832
        0.0080814230
        0.0355304222
        0.0447926816
       -0.0222228365
       -0.0457252136
       -0.0095084823
       -0.0263247119
       -0.0008920833
       -0.0172306278
       -0.0114846375
       -0.0341887704
       -0.0192279571
       -0.0235351578
        0.0122093179
       -0.0139565582
        0.0347051979
       -0.0142830279
       -0.0078882172
       -0.0132780452
       -0.0089709387
        0.0160759778
       -0.0367059777
        0.0153877126
        0.0035897815
       -0.0196178977
       -0.0468956529
       -0.0292044915
       -0.0144913990
        0.0045091331
       -0.0050863815
        0.0019913005
        0.0426968807
        0.0499217073
       -0.0235122356
       -0.0401130230
        0.0439215237
       -0.0361367230
        0.0107070608
        0.0137261721
       -0.0461769999
        0.0196940583
       -0.0093905542
       -0.0271930791
        0.0258869949
        0.0454202234
        0.0166495160
       -0.0171054293
        0.0172648685
       -0.0046347358
        0.0199719951
       -0.0338671684
        0.0044894824
        0.0159513758
       -0.0407159731
        0.0069234127
       -0.0183682403
        0.0463378367
        0.0233013180
        0.0220856211
        0.0396528622
        0.0050369821
       -0.0218704716
       -0.0446199598
       -0.0245805065
        0.0026760340
        0.0184560387
        0.0146211729
        0.0002693528
        0.0077606251
       -0.0233928067
        0.0410517512
       -0.0475495584
        0.0285271436
       -0.0070551778
        0.0271994517
        0.0219906595
       -0.0210760773
        0.0155892251
       -0.0240584523
       -0.0300485172
        0.0340199749
        0.0331092118
       -0.0317022720
       -0.0306177050
        0.0064298088
        0.0298185997
        0.0070367450
       -0.0176209309
        0.0052153936
        0.0386790690
        0.0069374835
        0.0080041351
        0.0438493725
       -0.0018096385
        0.0484174022
        0.0240807007
        0.0467061612
        0.0285425013
       -0.0090560363
        0.0095501000
       -0.0327832060
        0.0122992184
        0.0267009211
       -0.0030560252
        0.0249989847
        0.0494120124
        0.0336314750
        0.0140281152
        0.0265348694
       -0.0392835958
       -0.0381990794
       -0.0221937904
       -0.0389481906
        0.0319935440
        0.0230335594
        0.0077408373
        0.0012446398
       -0.0050478794
       -0.0168085705
       -0.0398611942
       -0.0020253221
        0.0316903902
        0.0221437990
       -0.0345091506
       -0.0073936953
        0.0324643778
        0.0383791600
       -0.0214070303
        0.0041219720
        0.0464564687
        0.0402026064
       -0.0287120426
        0.0102477382
       -0.0044740616
        0.0331456708
        0.0242548738
        0.0098303836
        0.0114514074
       -0.0252153581
       -0.0069373980
       -0.0103002184
       -0.0420762746
        0.0031929674
        0.0087719474
        0.0380419383
        0.0185909465
        0.0433527668
       -0.0052827029
       -0.0485380438
       -0.0001096156
       -0.0372924808
       -0.0493432302
       -0.0221068905
        0.0340334364
       -0.0292716031
        0.0467235146
       -0.0199813599
        0.0247104240
       -0.0015253866
       -0.0241195871
        0.0449442335
        0.0251377817
       -0.0220722380
        0.0443724000
       -0.0191047216
       -0.0121747580
        0.0315430141
       -0.0328561960
        0.0412087897
        0.0298066626
       -0.0368974312
       -0.0304096609
       -0.0469359058
        0.0089383299
        0.0258453367
        0.0135763609
        0.0331551188
        0.0448846299
        0.0133893765
        0.0194755586
       -0.0023348150
       -0.0306561366
       -0.0236703702
       -0.0237937720
       -0.0160747470
        0.0451505034
        0.0048317890
        0.0028399458
        0.0174794680
        0.0456622963
       -0.0102399758
       -0.0015296181
        0.0369906273
       -0.0030705995
       -0.0375561965
        0.0147151185
        0.0001918016
        0.0091374107
       -0.0476943128
        0.0326912650
       -0.0329248475
        0.0444487066
        0.0389299781
        0.0114768209
       -0.0046082800
       -0.0254565105
       -0.0330187263
       -0.0097605096
        0.0141053606
        0.0207664190
        0.0075849333
       -0.0151985914
       -0.0040786826
        0.0468040179
        0.0483929804
       -0.0081271880
       -0.0276538843
        0.0231423335
        0.0343165986
        0.0103673829
       -0.0219030336
        0.0317829709
        0.0455406058
        0.0316967936
        0.0298500434
        0.0054656786
       -0.0010002760
        0.0426757589
       -0.0285157695
       -0.0128435481
       -0.0366843413
        0.0446288411
        0.0124798628
        0.0469563261
       -0.0132681329
       -0.0050310923
       -0.0075450521
        0.0199511526
       -0.0012064733
       -0.0241839305
       -0.0058041556
        0.0212939457
        0.0325480684
        0.0224847638
        0.0146220201
        0.0120856895
       -0.0058501022
        0.0475737823
        0.0118887307
       -0.0417731447
       -0.0027886694
       -0.0011772490
        0.0006689585
       -0.0014397792
        0.0306897996
       -0.0292771962
        0.0041702447
        0.0021739926
        0.0006481424
        0.0316241323
        0.0448351273
       -0.0096345169
       -0.0375065449
       -0.0437506963
       -0.0396883626
       -0.0280999682
        0.0288309358
        0.0424348074
        0.0111963675
        0.0200434593
       -0.0267952811
        0.0387424285
       -0.0222659245
        0.0318667111
       -0.0385874104
       -0.0204331472
       -0.0249857066
        0.0048238153
        0.0464330354
       -0.0028229739
       -0.0027108832
       -0.0298660126
       -0.0469911508
       -0.0130037042
        0.0355941854
       -0.0272700349
       -0.0075401629
        0.0178680043
        0.0388181269
