   0.0000000000000000      -0.50000000000000000     
   0.0000000000000000      -0.38888888806104660     
   0.0000000000000000      -0.27777777612209320     
   0.0000000000000000      -0.16666665673255920     
   0.0000000000000000       -5.5555552244186401E-002
   0.0000000000000000        5.5555582046508789E-002
   0.0000000000000000       0.16666668653488159     
   0.0000000000000000       0.27777779102325439     
   0.0000000000000000       0.38888889551162720     
   0.0000000000000000       0.50000000000000000     
