0.3059251212E-03
0.3057407920E-03
0.3052956461E-03
0.3045896700E-03
0.3036228426E-03
0.3023951412E-03
0.3009065501E-03
0.2991570770E-03
0.2971467701E-03
0.2948757445E-03
0.2923442063E-03
0.2895524872E-03
0.2865010768E-03
0.2831906622E-03
0.2796221676E-03
0.2757967981E-03
0.2717160833E-03
0.2673819245E-03
0.2627966394E-03
0.2579630109E-03
0.2528843326E-03
0.2475644557E-03
0.2420078339E-03
0.2362195669E-03
0.2302054411E-03
0.2239719679E-03
0.2175264167E-03
0.2108768468E-03
0.2040321317E-03
0.1970019826E-03
0.1897969633E-03
0.1824285022E-03
0.1749088982E-03
0.1672513187E-03
0.1594697948E-03
0.1515792065E-03
0.1435952657E-03
0.1355344891E-03
0.1274141689E-03
0.1192523328E-03
0.1110677019E-03
0.1028796377E-03
0.9470808913E-04
0.8657352697E-04
0.7849688156E-04
0.7049946713E-04
0.6260291062E-04
0.5482906821E-04
0.4719994560E-04
0.3973760813E-04
0.3246409571E-04
0.2540132816E-04
0.1857101860E-04
0.1199457688E-04
0.5693023617E-05
-.3131049608E-06
-.6003840895E-05
-.1135987501E-04
-.1636263618E-04
-.2099437408E-04
-.2523823062E-04
-.2907831275E-04
-.3249975313E-04
-.3548877188E-04
-.3803272416E-04
-.4012014919E-04
-.4174080330E-04
-.4288569319E-04
-.4354709389E-04
-.4371856384E-04
-.4339494689E-04
-.4257236930E-04
-.4124822392E-04
-.3942114998E-04
-.3709099811E-04
-.3425879207E-04
-.3092667539E-04
-.2709785388E-04
-.2277652589E-04
-.1796780716E-04
-.1267764760E-04
-.6912743155E-05
-.6804434599E-06
0.6011341912E-05
0.1315423780E-04
0.2073949274E-04
0.2875806422E-04
0.3720068389E-04
0.4605786045E-04
0.5531960075E-04
0.6497426587E-04
0.7500562686E-04
0.8538775890E-04
0.9607924829E-04
0.1070197778E-03
0.1181314192E-03
0.1293244474E-03
0.1405054135E-03
0.1515849030E-03
0.1624832693E-03
0.1731338282E-03
0.1834837772E-03
0.1934933969E-03
0.2031340353E-03
0.2123854022E-03
0.2212327297E-03
0.2296643765E-03
0.2376701840E-03
0.2452405920E-03
0.2523662642E-03
0.2590379860E-03
0.2652466545E-03
0.2709833089E-03
0.2762391623E-03
0.2810056510E-03
0.2852744770E-03
0.2890376702E-03
0.2922876410E-03
0.2950172499E-03
0.2972198679E-03
0.2988894506E-03
0.3000206020E-03
0.3006086496E-03
0.3006497065E-03
0.3001407437E-03
0.2990796459E-03
0.2974652770E-03
0.2952975280E-03
0.2925773714E-03
0.2893069017E-03
0.2854893764E-03
0.2811292456E-03
0.2762321794E-03
0.2708050846E-03
0.2648561178E-03
0.2583946889E-03
0.2514314611E-03
0.2439783414E-03
0.2360484667E-03
0.2276561810E-03
0.2188170073E-03
0.2095476115E-03
0.1998657608E-03
0.1897902760E-03
0.1793409792E-03
0.1685386344E-03
0.1574048852E-03
0.1459621850E-03
0.1342337249E-03
0.1222433561E-03
0.1100155093E-03
0.9757511299E-04
0.8494750723E-04
0.7215835779E-04
0.5923356768E-04
0.4619918817E-04
0.3308132968E-04
0.1990607398E-04
0.6699386881E-05
-.6512965081E-05
-.1970549738E-04
-.3285308530E-04
-.4593103994E-04
-.5891517923E-04
-.7178189473E-04
-.8450821342E-04
-.9707185309E-04
-.1094512731E-03
-.1216257171E-03
-.1335752526E-03
-.1452807996E-03
-.1567241581E-03
-.1678880227E-03
-.1787559964E-03
-.1893125915E-03
-.1995432310E-03
-.2094342368E-03
-.2189728193E-03
-.2281470546E-03
-.2369458621E-03
-.2453589728E-03
-.2533768966E-03
-.2609908833E-03
-.2681928849E-03
-.2749755120E-03
-.2813319925E-03
-.2872561254E-03
-.2927422375E-03
-.2977851357E-03
-.3023800644E-03
-.3065226584E-03
-.3102089025E-03
-.3134350866E-03
-.3161977671E-03
-.3184937243E-03
-.3203199254E-03
-.3216734842E-03
-.3225516275E-03
-.3229516572E-03
-.8098875134E-03
-.1778846566E-02
-.1681571050E-02
-.5189636644E-03
0.1696672763E-02
0.4941742201E-02
0.9181570250E-02
0.1437073469E-01
0.2045349431E-01
0.2736432672E-01
0.3502855935E-01
0.4336308766E-01
0.5227717401E-01
0.6167332426E-01
0.7144821946E-01
0.8149370637E-01
0.9169782719E-01
0.1019458775    
0.1121214929    
0.1221077388    
0.1317881963    
0.1410480379    
0.1497750832    
0.1578608164    
0.1652013615    
0.1716984141    
0.1772601100    
0.1818018311    
0.1852469409    
0.1875274523    
0.1885846180    
0.1883694374    
0.1868430911    
0.1839772914    
0.1797545568    
0.1741684063    
0.1672234745    
0.1589355506    
0.1493315445    
0.1384493777    
0.1263377989    
0.1130561312    
0.9867394550E-01
0.8327066260E-01
0.6693508467E-01
0.4976485006E-01
0.3186582270E-01
0.1335140276E-01
-.5658242103E-02
-.2503701218E-01
-.4465378625E-01
-.6437341327E-01
-.8405776962E-01
-.1035668805    
-.1227601124    
-.1414974135    
-.1596406005    
-.1770546842    
-.1936092087    
-.2091796003    
-.2236485022    
-.2369070716    
-.2488562212    
-.2594077829    
-.2684855656    
-.2760262789    
-.2819803069    
-.2863122993    
-.2890015614    
-.2900422260    
-.2894431925    
-.2872278307    
-.2834334461    
-.2781105276    
-.2713218034    
-.2631411445    
-.2536523619    
-.2429479582    
-.2311279036    
-.2182985978    
-.2045728472    
-.1900732083    
-.1749401657    
-.1593398125    
-.1434633007    
-.1275185919    
-.1117205898    
-.9628376688E-01
-.8141831730E-01
-.6732935449E-01
-.5421729906E-01
-.4227416038E-01
-.3166643333E-01
-.2249968220E-01
-.1477819024E-01
-.8389156119E-02
-.3129663758E-02
0.1241869411E-02
0.4972885462E-02
0.8324752666E-02
0.1159417096E-01
0.1510250332E-01
0.1914692344E-01
0.2394975657E-01
0.2963626802E-01
0.3624139379E-01
0.4373162504E-01
0.5203038540E-01
0.6104134631E-01
0.7066807802E-01
0.8082791943E-01
0.9145562692E-01
0.1024958386    
0.1138919586    
0.1255798994    
0.1374872873    
0.1495344487    
0.1616352303    
0.1736976475    
0.1856246543    
0.1973151057    
0.2086649069    
0.2195683100    
0.2299193100    
0.2396130935    
0.2485474876    
0.2566243676    
0.2637509847    
0.2698411862    
0.2748165097    
0.2786071304    
0.2811526612    
0.2824028020    
0.2823178381    
0.2808689852    
0.2780386043    
0.2738202909    
0.2682188345    
0.2612500746    
0.2529406613    
0.2433277276    
0.2324584867    
0.2203897651    
0.2071874802    
0.1929260694    
0.1776878852    
0.1615625508    
0.1446462965    
0.1270412716    
0.1088548336    
0.9019882178E-01
0.7118881070E-01
0.5194334665E-01
0.3258316602E-01
0.1323038525E-01
-.5992334298E-02
-.2496264311E-01
-.4355939199E-01
-.6166356026E-01
-.7915919922E-01
-.9593441017E-01
-.1118823475    
-.1269022300    
-.1409003529    
-.1537910845    
-.1654978283    
-.1759539230    
-.1851034580    
-.1929019702    
-.1993169946    
-.2043284509    
-.2079288312    
-.2101231864    
-.2109288991    
-.2103752506    
-.2085027930    
-.2053625498    
-.2010151803    
-.1955334475    
-.1890219484    
-.1816257127    
-.1734930154    
-.1647389016    
-.1554559761    
-.1457334612    
-.1356591794    
-.1253184795    
-.1147930659    
-.1041598518    
-.9348986855E-01
-.8284724097E-01
-.7228828150E-01
-.6186073485E-01
-.5160323251E-01
-.4154499995E-01
-.3170589172E-01
-.2209676598E-01
-.1272028143E-01
-.3572046324E-02
-.1671911444E-03
-.2405764559E-02
-.2642814587E-02
-.8628214216E-03
0.2909251419E-02
0.8612464754E-02
0.1615441742E-01
0.2541569920E-01
0.3625418625E-01
0.4850912509E-01
0.6200492463E-01
0.7655465771E-01
0.9196325753E-01
0.1080304000    
0.1245530763    
0.1413278824    
0.1581530699    
0.1748303564    
0.1911665482    
0.2069749950    
0.2220769305    
0.2363026789    
0.2494927429    
0.2614988016    
0.2721846176    
0.2814268354    
0.2891156376    
0.2951552804    
0.2994644765    
0.3019766167    
0.3026397909    
0.3014166344    
0.2982839800    
0.2932323045    
0.2862649915    
0.2773974253    
0.2666559508    
0.2540766909    
0.2397042803    
0.2235905589    
0.2057932887    
0.1863749055    
0.1654013751    
0.1429412325    
0.1190648484    
0.9384398738E-01
0.6735169414E-01
0.3966259992E-01
0.1085367088E-01
-.1899456368E-01
-.4979628410E-01
-.8145813195E-01
-.1138764865    
-.1469343410    
-.1804978542    
-.2144127245    
-.2485005611    
-.2825555387    
-.3163415932    
-.3495904725    
-.3820009919    
-.4132398357    
-.4429441999    
-.4707264906    
-.4961812357    
-.5188942057    
-.5384536063    
-.5544630111    
-.5665556275    
-.5744093343    
-.5777618153    
-.5764250988    
-.5702988008    
-.5593814291    
-.5437791228    
-.5237113192    
-.4995129580    
-.4716329881    
-.4406292539    
-.4071623570    
-.3720029550    
-.3360775095    
-.3005012507    
-.2664327276    
-.2347726393    
-.2059845130    
-.1801463216    
-.1571070143    
-.1366232526    
-.1184378711    
-.1023093705    
-.8801086123E-01
-.7531126612E-01
-.6394333349E-01
-.5356080858E-01
-.4370862610E-01
-.3387339978E-01
-.2365664374E-01
-.1298602607E-01
-.2260851125E-02
0.7609058546E-02
0.1546494737E-01
0.2060307820E-01
0.2340932944E-01
0.2517377865E-01
0.2729401495E-01
0.3081756672E-01
0.3651229079E-01
0.4502531908E-01
0.5693848680E-01
0.7270553735E-01
0.9249616487E-01
0.1160787740    
0.1428754051    
0.1721278491    
0.2030332257    
0.2348133754    
0.2667482898    
0.2981951601    
0.3285993554    
0.3574988467    
0.3845231028    
0.4093876959    
0.4318860062    
0.4518793193    
0.4692863864    
0.4840732283    
0.4962437518    
0.5058314707    
0.5128924607    
0.5174995259    
0.5197374849    
0.5196994676    
0.5174840131    
0.5131928042    
0.5069288701    
0.4987951311    
0.4888931267    
0.4773218261    
0.4641764424    
0.4495472004    
0.4335180191    
0.4161650648    
0.3975552417    
0.3777446416    
0.3567770333    
0.3346824783    
0.3114762157    
0.2871579650    
0.2617117894    
0.2351066979    
0.2072981838    
0.1782309172    
0.1478427212    
0.1160700106    
0.8285479504E-01
0.4815328049E-01
0.1194599030E-01
-.2575080654E-01
-.6487268733E-01
-.1052942586    
-.1468166900    
-.1891565709    
-.2319371804    
-.2746834169    
-.3168216010    
-.3576851886    
-.3965271209    
-.4325390609    
-.4648772766    
-.4926942583    
-.5151746169    
-.5315733831    
-.5412545826    
-.5437278812    
-.5386812334    
-.5260078271    
-.5058336760    
-.4787732033    
-.4470943814    
-.4135918149    
-.3782613517    
-.3388471191    
-.2945065161    
-.2462239132    
-.1954315368    
-.1437338670    
-.9284820929E-01
-.4454508395E-01
-.5833510165E-03
0.3735779401E-01
0.6774788027E-01
0.8927350818E-01
0.1009046164    
0.1019574746    
0.9215289321E-01
0.7166723689E-01
0.4117229841E-01
0.1858340881E-02
0.3036328630E-02
0.1181208337E-01
0.2171895656E-01
0.3269501640E-01
0.4467008996E-01
0.5756564036E-01
0.7129479087E-01
0.8576249561E-01
0.1008658671    
0.1164946373    
0.1325317496    
0.1488540731    
0.1653332220    
0.1818364660    
0.1982277117    
0.2143685431    
0.2301192998    
0.2453401772    
0.2598923243    
0.2736389353    
0.2864463116    
0.2981848819    
0.3087301735    
0.3179637241    
0.3257739275    
0.3320568132    
0.3367167515    
0.3396670958    
0.3408307494    
0.3401406762    
0.3375403439    
0.3329841198    
0.3264376137    
0.3178779761    
0.3072941518    
0.2946871007    
0.2800699847    
0.2634683121    
0.2449200469    
0.2244756866    
0.2021982863    
0.1781634395    
0.1524591974    
0.1251859250    
0.9645607621E-01
0.6639388498E-01
0.3513495760E-01
0.2825751990E-02
-.3037705635E-01
-.6430733561E-01
-.9879039601E-01
-.1336440171    
-.1686796115    
-.2037035137    
-.2385183943    
-.2729247698    
-.3067226067    
-.3397129840    
-.3716997956    
-.4024914618    
-.4319026203    
-.4597557746    
-.4858828643    
-.5101267299    
-.5323424636    
-.5523986174    
-.5701782622    
-.5855798821    
-.5985181128    
-.6089243020    
-.6167469166    
-.6219517835    
-.6245221698    
-.6244587113    
-.6217791916    
-.6165181715    
-.6087264856    
-.5984706046    
-.5858318860    
-.5709057044    
-.5538005131    
-.5346368395    
-.5135463190    
-.4906710030    
-.4661634649    
-.4401881081    
-.4129232623    
-.3845626224    
-.3553148226    
-.3254011848    
-.2950526468    
-.2645067397    
-.2340050971    
-.2037916257    
-.1741124225    
-.1452201814    
-.1173802936    
-.9084988499E-01
-.6578864293E-01
-.4212720121E-01
-.1949908600E-01
0.2692659256E-02
0.2510181653E-01
0.4824277245E-01
0.7237392352E-01
0.9752408639E-01
0.1236010269    
0.1504729340    
0.1779977487    
0.2060290923    
0.2344171700    
0.2630090744    
0.2916490543    
0.3201788980    
0.3484384598    
0.3762663955    
0.4035010492    
0.4299814962    
0.4555486606    
0.4800464965    
0.5033231438    
0.5252320539    
0.5456330396    
0.5643932336    
0.5813879330    
0.5965013352    
0.6096271559    
0.6206691454    
0.6295414962    
0.6361691780    
0.6404881858    
0.6424457393    
0.6420004258    
0.6391223237    
0.6337930987    
0.6260060906    
0.6157664001    
0.6030909806    
0.5880087399    
0.5705606531    
0.5507998803    
0.5287918949    
0.5046146038    
0.4783584652    
0.4501265695    
0.4200346862    
0.3882112546    
0.3547972921    
0.3199462011    
0.2838234608    
0.2466061739    
0.2084824455    
0.1696505917    
0.1303181534    
0.9070070619E-01
0.5102048251E-01
0.1150479383E-01
-.2761572073E-01
-.6610899617E-01
-.1037435674    
-.1402906779    
-.1755264332    
-.2092339465    
-.2412054485    
-.2712443039    
-.2991669101    
-.3248044395    
-.3480044156    
-.3686321113    
-.3865717525    
-.4017275367    
-.4140244750    
-.4234090545    
-.4298497336    
-.4333372641    
-.4338848499    
-.4315281595    
-.4263262924    
-.4183714483    
-.4078120015    
-.3948582655    
-.3797641455    
-.3628023632    
-.3442324964    
-.3242731866    
-.3031192902    
-.2809677807    
-.2580203575    
-.2344808922    
-.2105525473    
-.1864348495    
-.1623208354    
-.1383943742    
-.1148278153    
-.9178009140E-01
-.6939542928E-01
-.4780277574E-01
-.2711607989E-01
-.7435432645E-02
0.5979353144E-04
0.3976632692E-02
0.1023844203E-01
0.1872799937E-01
0.2929522444E-01
0.4176394003E-01
0.5593799627E-01
0.7160672174E-01
0.8854967302E-01
0.1065407170    
0.1253514598    
0.1447540654    
0.1645235259    
0.1844394479    
0.2042874467    
0.2238602188    
0.2429583642    
0.2613910403    
0.2789765144    
0.2955426495    
0.3109273810    
0.3249792086    
0.3375577135    
0.3485341106    
0.3577918108    
0.3652269942    
0.3707491611    
0.3742816154    
0.3757618635    
0.3751419053    
0.3723883774    
0.3674825295    
0.3604200151    
0.3512104876    
0.3398770160    
0.3264553035    
0.3109927413    
0.2935473253    
0.2741864488    
0.2529856114    
0.2300270887    
0.2053985884    
0.1791919475    
0.1515018926    
0.1224249096    
0.9205829001E-01
0.6049936093E-01
0.2784493888E-01
-.5808943373E-02
-.4036701209E-01
-.7573439938E-01
-.1118159383    
-.1485151009    
-.1857325565    
-.2233643848    
-.2612999918    
-.2994197569    
-.3375925262    
-.3756730716    
-.4134996615    
-.4508919232    
-.4876491910    
-.5235495531    
-.5583498219    
-.5917865801    
-.6235784424    
-.6534296493    
-.6810349660    
-.7060858308    
-.7282775809    
-.7473175124    
-.7629334794    
-.7748826502    
-.7829600248    
-.7870063581    
-.7869151063    
-.7826380634    
-.7741894819    
-.7616484845    
-.7451597064    
-.7249321822    
-.7012367767    
-.6744035029    
-.6448221433    
-.6129495106    
-.5793156935    
-.5445042609    
-.5090901178    
-.4735597940    
-.4382588714    
-.4033849988    
-.3690119787    
-.3351214576    
-.3016268149    
-.2683836928    
-.2351881471    
-.2017690527    
-.1677901407    
-.1328877230    
-.9676486861E-01
-.5931225978E-01
-.2066288488E-01
0.1887012853E-01
0.5890343961E-01
0.9905880702E-01
0.1389945596    
0.1784156077    
0.2170756323    
0.2547756872    
0.2913604778    
0.3267130279    
0.3607484137    
0.3934071965    
0.4246489799    
0.4544464548    
0.4827801741    
0.5096341716    
0.5349924811    
0.5588365208    
0.5811432797    
0.6018842696    
0.6210251126    
0.6385256501    
0.6543405138    
0.6684200428    
0.6807114620    
0.6911602494    
0.6997116088    
0.7063120148    
0.7109107683    
0.7134614782    
0.7139234798    
0.7122631500    
0.7084550562    
0.7024829365    
0.6943404720    
0.6840318437    
0.6715720549    
0.6569869623    
0.6403130292    
0.6215968165    
0.6008941593    
0.5782690598    
0.5537923330    
0.5275400113    
0.4995915802    
0.4700280783    
0.4389301710    
0.4063763269    
0.3724411764    
0.3371941904    
0.3006988728    
0.2630126018    
0.2241872750    
0.1842709281    
0.1433104373    
0.1013554575    
0.5846360555E-01
0.1470685720E-01
-.2982090824E-01
-.7499547644E-01
-.1206533597    
-.1665828567    
-.2125157776    
-.2581206364    
-.3029981938    
-.3466802884    
-.3886327310    
-.4282629167    
-.4649325721    
-.4979756004    
-.5267206480    
-.5505176204    
-.5687670585    
-.5809510612    
-.5866643235    
-.5856463882    
-.5778736306    
-.5640788587    
-.5464132468    
-.5271572176    
-.5072345585    
-.4860288154    
-.4612761237    
-.4297327196    
-.3900887400    
-.3433205793    
-.2911169924    
-.2355120505    
-.1788052739    
-.1234743231    
-.7207166735E-01
-.2710995632E-01
0.9058411689E-02
0.3436225069E-01
0.4712881185E-01
0.4619415905E-01
0.3100397154E-01
0.1701261840E-02
0.4824766710E-02
0.1764244580E-01
0.3115395759E-01
0.4529219583E-01
0.5998524496E-01
0.7515626208E-01
0.9072347702E-01
0.1066003284    
0.1226957094    
0.1389143272    
0.1551571558    
0.1713219748    
0.1873039798    
0.2029964457    
0.2182914403    
0.2330805636    
0.2472557055    
0.2607098091    
0.2733376212    
0.2850364278    
0.2957067627    
0.3052530819    
0.3135843938    
0.3206148449    
0.3262642597    
0.3304586248    
0.3331305281    
0.3342195464    
0.3336725895    
0.3314441935    
0.3274967735    
0.3218008449    
0.3143352057    
0.3050870902    
0.2940522938    
0.2812352725    
0.2666492208    
0.2503161292    
0.2322668211    
0.2125409653    
0.1911870696    
0.1682624470    
0.1438331575    
0.1179739215    
0.9076799613E-01
0.6230701272E-01
0.3269076763E-01
0.2026968100E-02
-.2956907802E-01
-.6197483773E-01
-.9506099071E-01
-.1286919386    
-.1627263865    
-.1970180007    
-.2314161371    
-.2657666413    
-.2999127159    
-.3336958411    
-.3669567446    
-.3995364001    
-.4312770447    
-.4620231997    
-.4916226752    
-.5199275461    
-.5467950768    
-.5720885938    
-.5956782869    
-.6174419355    
-.6372655568    
-.6550439725    
-.6706812944    
-.6840913312    
-.6951979294    
-.7039352436    
-.7102479386    
-.7140913359    
-.7154314980    
-.7142452648    
-.7105202291    
-.7042546614    
-.6954573784    
-.6841475578    
-.6703545007    
-.6541173429    
-.6354847156    
-.6145143653    
-.5912727363    
-.5658345311    
-.5382822615    
-.5087058150    
-.4772020370    
-.4438743551    
-.4088324442    
-.3721919414    
-.3340742033    
-.2946061045    
-.2539198660    
-.2121528953    
-.1694476158    
-.1259512703    
-.8181565704E-01
-.3719678386E-01
0.7745586915E-02
0.5284849373E-01
0.9794643627E-01
0.1428721149    
0.1874572444    
0.2315334227    
0.2749330352    
0.3174901809    
0.3590416058    
0.3994276280    
0.4384930451    
0.4760880022    
0.5120688243    
0.5462987841    
0.5786488108    
0.6089981281    
0.6372348212    
0.6632563257    
0.6869698395    
0.7082926640    
0.7271524678    
0.7434874821    
0.7572466281    
0.7683895743    
0.7768867334    
0.7827191889    
0.7858785637    
0.7863668273    
0.7841960536    
0.7793881465    
0.7719745510    
0.7619959837    
0.7495021941    
0.7345517614    
0.7172119163    
0.6975583833    
0.6756752307    
0.6516547130    
0.6255971042    
0.5976105070    
0.5678106294    
0.5363205246    
0.5032702855    
0.4687966957    
0.4330428251    
0.3961575827    
0.3582952358    
0.3196148529    
0.2802794869    
0.2404549559    
0.2003086762    
0.1600090780    
0.1197251305    
0.7962532650E-01
0.3987640554E-01
0.6422245668E-03
-.3791716416E-01
-.7564624071E-01
-.1123945395    
-.1480169472    
-.1823737825    
-.2153306930    
-.2467584080    
-.2765324194    
-.3045326547    
-.3306432222    
-.3547523261    
-.3767524588    
-.3965409515    
-.4140208999    
-.4291024243    
-.4417041777    
-.4517550078    
-.4591956790    
-.4639805458    
-.4660790940    
-.4654772591    
-.4621784684    
-.4562043755    
-.4475953045    
-.4364104411    
-.4227277807    
-.4066437891    
-.3882726815    
-.3677452221    
-.3452069867    
-.3208161231    
-.2947407187    
-.2671559039    
-.2382408676    
-.2081759647    
-.1771401097    
-.1453086501    
-.1128518869    
-.7993440354E-01
-.4671529554E-01
-.1334937324E-01
0.2039214081E-03
0.6796282890E-02
0.1479345876E-01
0.2409072355E-01
0.3457125208E-01
0.4610882486E-01
0.5857021468E-01
0.7181724750E-01
0.8570857296E-01
0.1001011717    
0.1148516419    
0.1298172901    
0.1448570445    
0.1598322355    
0.1746072702    
0.1890502300    
0.2030333904    
0.2164336983    
0.2291332256    
0.2410196041    
0.2519864465    
0.2619337495    
0.2707682989    
0.2784040624    
0.2847625619    
0.2897732263    
0.2933737202    
0.2955102332    
0.2961377177    
0.2952200743    
0.2927302731    
0.2886504048    
0.2829716341    
0.2756940680    
0.2668265465    
0.2563863364    
0.2443987306    
0.2308965543    
0.2159196041    
0.1995140240    
0.1817316296    
0.1626292028    
0.1422677971    
0.1207120680    
0.9802965793E-01
0.7429068045E-01
0.4956733804E-01
0.2393371256E-01
-.2534254703E-02
-.2975856194E-01
-.5765872199E-01
-.8615118066E-01
-.1151486711    
-.1445595731    
-.1742873448    
-.2042300796    
-.2342802147    
-.2643244050    
-.2942435503    
-.3239129943    
-.3532029108    
-.3819788574    
-.4101024882    
-.4374324218    
-.4638252487    
-.4891366603    
-.5132226631    
-.5359408641    
-.5571518210    
-.5767204019    
-.5945171239    
-.6104194560    
-.6243130681    
-.6360929860    
-.6456646336    
-.6529447413    
-.6578621276    
-.6603583193    
-.6603879897    
-.6579192393    
-.6529337100    
-.6454265262    
-.6354060567    
-.6228935250    
-.6079224734    
-.5905380888    
-.5707963773    
-.5487632288    
-.5245133930    
-.4981293589    
-.4697001746    
-.4393202225    
-.4070880030    
-.3731049276    
-.3374741676    
-.3002996148    
-.2616850260    
-.2217333827    
-.1805465230    
-.1382251513    
-.9486927315E-01
-.5057912836E-01
-.5456642517E-02
0.4039253096E-01
0.8685637749E-01
0.1338133443    
0.1811286992    
0.2286505432    
0.2762056529    
0.3235954332    
0.3705922468    
0.4169364674    
0.4623345803    
0.5064587141    
0.5489479082    
0.5894113159    
0.6274335111    
0.6625819187    
0.6944162863    
0.7224999141    
0.7464123227    
0.7657629212    
0.7802052136    
0.7894510029    
0.7932841020    
0.7915731428    
0.7842833778    
0.7714941999    
0.7534830154    
0.7310027076    
0.7054176077    
0.6781313878    
0.6500319911    
0.6214983469    
0.5926212416    
0.5633760075    
0.5337154904    
0.5036128574    
0.4730793473    
0.4421710715    
0.4109925816    
0.3797015081    
0.3485147569    
0.3177094216    
0.2876080024    
0.2585467710    
0.2308375710    
0.2047349029    
0.1804144215    
0.1579631278    
0.1373787738    
0.1185753050    
0.1013918929    
0.8560515772E-01
0.7094646361E-01
0.5712531319E-01
0.4385601112E-01
0.3088167057E-01
0.1799002679E-01
0.5019290484E-02
-.8144647097E-02
-.2157931322E-01
-.3534908474E-01
-.4955419540E-01
-.6443773053E-01
-.8060938035E-01
-.9938953536E-01
-.1227985547    
-.1522251329    
-.1872646465    
-.2265714936    
-.2685819190    
-.3116765921    
-.3542489239    
-.3947633234    
-.4318045804    
-.4641168312    
-.4906319828    
-.5104886999    
-.5230438837    
-.5278787593    
-.5248014549    
-.5138473863    
-.4952779478    
-.4695773194    
-.4374465675    
-.3997938484    
-.3577191435    
-.3124919435    
-.2655204419    
-.2183113505    
-.1724201505    
-.1293925442    
-.9069901214E-01
-.5766528811E-01
-.3140232288E-01
-.1273958749E-01
-.2165780658E-02
0.2192585989E-03
0.1676089740E-02
0.6770515363E-02
0.1273480484E-01
0.1952801731E-01
0.2710225908E-01
0.3540247702E-01
0.4436631999E-01
0.5392417013E-01
0.6399930447E-01
0.7450823649E-01
0.8536121395E-01
0.9646288904E-01
0.1077131444    
0.1190080644    
0.1302410261    
0.1413038919    
0.1520882710    
0.1624868187    
0.1723945402    
0.1817100657    
0.1903368676    
0.1981843944    
0.2051690918    
0.2112152917    
0.2162559497    
0.2202332175    
0.2230988465    
0.2248144144    
0.2253513716    
0.2246909199    
0.2228237333    
0.2197495397    
0.2154765817    
0.2100209887    
0.2034060878    
0.1956616885    
0.1868233762    
0.1769318568    
0.1660323737    
0.1541742266    
0.1414104127    
0.1277973898    
0.1133949421    
0.9826614455E-01
0.8247742861E-01
0.6609809847E-01
0.4919485441E-01
0.3181099791E-01
0.1392919347E-01
-.4551349103E-02
-.2378411416E-01
-.4389922303E-01
-.6494189233E-01
-.8687194431E-01
-.1096023805    
-.1330293567    
-.1570424367    
-.1815262978    
-.2063607182    
-.2314203945    
-.2565748528    
-.2816885421    
-.3066211606    
-.3312282203    
-.3553618428    
-.3788717537    
-.4016064317    
-.4234143631    
-.4441453539    
-.4636518456    
-.4817902109    
-.4984219915    
-.5134150367    
-.5266445263    
-.5379938756    
-.5473555054    
-.5546314756    
-.5597339910    
-.5625857872    
-.5631204066    
-.5612823942    
-.5570274260    
-.5503223877    
-.5411454351    
-.5294860587    
-.5153451691    
-.4987352270    
-.4796804338    
-.4582169884    
-.4343934246    
-.4082710312    
-.3799243410    
-.3494416662    
-.3169256668    
-.2824939217    
-.2462794527    
-.2084311479    
-.1691140426    
-.1285093898    
-.8681447182E-01
-.4424209556E-01
-.1019723669E-02
0.4261179238E-01
0.8639988662E-01
0.1300823636    
0.1733898666    
0.2160486846    
0.2577838254    
0.2983222683    
0.3373962955    
0.3747468055    
0.4101265078    
0.4433029115    
0.4740610339    
0.5022057797    
0.5275639552    
0.5499859048    
0.5693467587    
0.5855472901    
0.5985143892    
0.6082011686    
0.6145867027    
0.6176754257    
0.6174962176    
0.6141012162    
0.6075644020    
0.5979800346    
0.5854610536    
0.5701376736    
0.5521574031    
0.5316900720    
0.5089365978    
0.4841303376    
0.4575297569    
0.4294101711    
0.4000579693    
0.3697669310    
0.3388356311    
0.3075653608    
0.2762592141    
0.2452297102    
0.2148403084    
0.1855901497    
0.1581286705    
0.1330822176    
0.1108404545    
0.9149149810E-01
0.7488328829E-01
0.6071236015E-01
0.4858953761E-01
0.3807646094E-01
0.2870253034E-01
0.1997412678E-01
0.1138808011E-01
0.2462943642E-02
-.7201788210E-02
-.1785584470E-01
-.2957148580E-01
-.4228608825E-01
-.5586626523E-01
-.7014530752E-01
-.8493695663E-01
-.1000420987    
-.1152527946    
-.1303544824    
-.1451291164    
-.1593633317    
-.1728661616    
-.1854914744    
-.1971374469    
-.2077206983    
-.2171629220    
-.2253895434    
-.2323304600    
-.2379211593    
-.2421040931    
-.2448302623    
-.2460609330    
-.2457693727    
-.2439424846    
-.2405822142    
-.2357066195    
-.2293505197    
-.2215656600    
-.2124203625    
-.2019986827    
-.1903991106    
-.1777328680    
-.1641218854    
-.1496965556    
-.1345933644    
-.1189525087    
-.1029156169    
-.8662366187E-01
-.7021516081E-01
-.5382473052E-01
-.3758207032E-01
-.2161136605E-01
-.6031144770E-02
-.4135017498E-03
-.1054430304E-01
-.1990181305E-01
-.2794952944E-01
-.3420012299E-01
-.3823222643E-01
-.3970486598E-01
-.3836907065E-01
-.3407634885E-01
-.2678389158E-01
-.1655641032E-01
-.3564566105E-02
0.1191990682E-01
0.2953220538E-01
0.4882535347E-01
0.6928372971E-01
0.9033898459E-01
0.1113878802    
0.1318116735    
0.1509966106    
0.1683549419    
0.1833458251    
0.1954953580    
0.2044150016    
0.2098176310    
0.2115304270    
0.2095039423    
0.2038169149    
0.1946764436    
0.1824133677    
0.1674729332    
0.1504009533    
0.1318258569    
0.1124370267    
0.9296012653E-01
0.7413018847E-01
0.5666154138E-01
0.4120760599E-01
0.2829922248E-01
0.1826625362E-01
0.1117646341E-01
0.6824409920E-02
0.4767028906E-02
0.4377344606E-02
0.4893802706E-02
0.5469702308E-02
0.5273651585E-02
0.3728483713E-02
0.8607651427E-03
-.2544917748E-02
-.5298235231E-02
-.6505883702E-02
-.6059417767E-02
-.4540820064E-02
-.2817975142E-02
-.1779894417E-02
-.2264955468E-02
-.5042180067E-02
-.1077687938E-01
-.1996701287E-01
-.3286253888E-01
-.4941259078E-01
-.6928819179E-01
-.9196893146E-01
-.1168320011    
-.1432093006    
-.1704214831    
-.1978028495    
-.2247218848    
-.2505982869    
-.2749167115    
-.2972375077    
-.3172047017    
-.3345512514    
-.3491014882    
-.3607706962    
-.3695617638    
-.3755589475    
-.3789187914    
-.3798584570    
-.3786418759    
-.3755642096    
-.3709352134    
-.3650622077    
-.3582333795    
-.3507021151    
-.3426730150    
-.3342901449    
-.3256280665    
-.3166858959    
-.3073845743    
-.2975674693    
-.2870042626    
-.2753979576    
-.2623947402    
-.2475964620    
-.2305754847    
-.2108916173    
-.1881108677    
-.1618259282    
-.1316782600    
-.9738168200E-01
-.5874736753E-01
-.1570995370E-01
0.3164576856E-01
0.8305872391E-01
0.1380676740    
0.1959920391    
0.2559205843    
0.3167116652    
0.3770085977    
0.4352729682    
0.4898371809    
0.5389753645    
0.5809893520    
0.6143039942    
0.6375645804    
0.6497284813    
0.6501434490    
0.6386062386    
0.6153969223    
0.5812862174    
0.5375149772    
0.4857504880    
0.4281819135    
0.3685546677    
0.3117807910    
0.2608952234    
0.2167961998    
0.1793030579    
0.1478217786    
0.1216362395    
0.1000275530    
0.8232217202E-01
0.6790999150E-01
0.5624946477E-01
0.4686689793E-01
0.3935295247E-01
0.3335671057E-01
0.2857560854E-01
0.2473680325E-01
0.2156701900E-01
0.1877676538E-01
0.1611639080E-01
0.1347114059E-01
0.1086464647E-01
0.8371440610E-02
0.6038455381E-02
0.3850774026E-02
0.1725582813E-02
-.4731998311E-03
-.2883513840E-02
-.5540705206E-02
-.8259280072E-02
-.1061650586E-01
-.1210590247E-01
-.1235201217E-01
-.1122879231E-01
-.8881016330E-02
-.5726713599E-02
-.2386086856E-02
0.5366907424E-03
0.2639246874E-02
0.3675535945E-02
0.3363679188E-02
0.1178729670E-02
-.3767374295E-02
-.1251080492E-01
-.2562652523E-01
-.4291549532E-01
-.6365287419E-01
-.8684361393E-01
-.1113541140    
-.1359990168    
-.1596078702    
-.1810810803    
-.1994377900    
-.2138549757    
-.2236970725    
-.2285361307    
-.2281630336    
-.2225905114    
-.2120485947    
-.1969730370    
-.1779869628    
-.1558760109    
-.1315572233    
-.1060421834    
-.8039528205E-01
-.5568837159E-01
-.3295353095E-01
-.1313598890E-01
0.2950575390E-02
0.1466410615E-01
0.2156748373E-01
0.2345334114E-01
0.2035894981E-01
0.1257028567E-01
0.6148962902E-03
0.4078708471E-04
0.4059276793E-04
0.4019392118E-04
0.3959048159E-04
0.3878229807E-04
0.3776909491E-04
0.3655044415E-04
0.3512574736E-04
0.3349423001E-04
0.3165494667E-04
0.2960680230E-04
0.2734858292E-04
0.2487900459E-04
0.2219676959E-04
0.1930063873E-04
0.1618951020E-04
0.1286250657E-04
0.9319068664E-05
0.5559047004E-05
0.1582799046E-05
-.2608725094E-05
-.7013895839E-05
-.1163033381E-04
-.1645484694E-04
-.2148338496E-04
-.2671101082E-04
-.3213188862E-04
-.3773929472E-04
-.4352564438E-04
-.4948254273E-04
-.5560084845E-04
-.6187075776E-04
-.6828189414E-04
-.7482340822E-04
-.8148407344E-04
-.8825237114E-04
-.9511653242E-04
-.1020644473E-03
-.1090833427E-03
-.1161592790E-03
-.1232767840E-03
-.1304188721E-03
-.1375673639E-03
-.1447032147E-03
-.1518066560E-03
-.1588571087E-03
-.1658329368E-03
-.1727111701E-03
-.1794674320E-03
-.1860763405E-03
-.1925124391E-03
-.1987512406E-03
-.2047698109E-03
-.2105467372E-03
-.2160617393E-03
-.2212952266E-03
-.2262279569E-03
-.2308408900E-03
-.2351153235E-03
-.2390333546E-03
-.2425785192E-03
-.2457361801E-03
-.2484932891E-03
-.2508377215E-03
-.2527577570E-03
-.2542419274E-03
-.2552790744E-03
-.2558584569E-03
-.2559698841E-03
-.2556038525E-03
-.2547516943E-03
-.2534057201E-03
-.2515593582E-03
-.2492072807E-03
-.2463455161E-03
-.2429715469E-03
-.2390843906E-03
-.2346846647E-03
-.2297746365E-03
-.2243582577E-03
-.2184411858E-03
-.2120307926E-03
-.2051361641E-03
-.1977680880E-03
-.1899390382E-03
-.1816631490E-03
-.1729561887E-03
-.1638355256E-03
-.1543200956E-03
-.1444303633E-03
-.1341882860E-03
-.1236172725E-03
-.1127421423E-03
-.1015890823E-03
-.9018559731E-04
-.7856045982E-04
-.6674364798E-04
-.5476628013E-04
-.4266053483E-04
-.3045956129E-04
-.1819737411E-04
-.5908730966E-05
0.6371005845E-05
0.1860603064E-04
0.3076027197E-04
0.4279759433E-04
0.5468201553E-04
0.6637794457E-04
0.7785043102E-04
0.8906542619E-04
0.9999004648E-04
0.1105928341E-03
0.1208440063E-03
0.1307156832E-03
0.1401820882E-03
0.1492197089E-03
0.1578074150E-03
0.1659265207E-03
0.1735607926E-03
0.1806963922E-03
0.1873217613E-03
0.1934274445E-03
0.1990058683E-03
0.2040510842E-03
0.2085585050E-03
0.2125249204E-03
0.2159505912E-03
0.2188418494E-03
0.2212092456E-03
0.2230647467E-03
0.2244202642E-03
0.2252871461E-03
0.2256761158E-03
0.2255974023E-03
0.2250609552E-03
0.2240767066E-03
0.2226548772E-03
0.2208063572E-03
0.2185431970E-03
0.2158792539E-03
0.2128310145E-03
0.2094186071E-03
0.2056669414E-03
0.2016067734E-03
0.1972752050E-03
0.1927150949E-03
0.1879733496E-03
0.1830986410E-03
0.1781391058E-03
0.1731402977E-03
0.1681434080E-03
0.1631836764E-03
0.1582889896E-03
0.1534789556E-03
0.1487650104E-03
0.1441519384E-03
0.1396403872E-03
0.1352293638E-03
0.1309179191E-03
0.1267059517E-03
0.1225944748E-03
0.1185857078E-03
0.1146831674E-03
0.1108917862E-03
0.1072179546E-03
0.1036692755E-03
0.1002537161E-03
0.9697794950E-04
0.9384540564E-04
0.9085556190E-04
0.8800541908E-04
0.8529202873E-04
0.8271382570E-04
0.8027022716E-04
0.7796090250E-04
0.7578545081E-04
0.7374329957E-04
0.7183363862E-04
0.7005535937E-04
0.6840698570E-04
0.6688661800E-04
0.6549187641E-04
0.6421986697E-04
0.6306715562E-04
0.6202976830E-04
0.6110320394E-04
0.6028246952E-04
0.5956212793E-04
0.5893635891E-04
0.5839902847E-04
0.5794376096E-04
0.5756401220E-04
0.5725313634E-04
0.5700444565E-04
0.5681125793E-04
0.5666693130E-04
0.5656488360E-04
0.5649859783E-04
0.5646161205E-04
