0.1596549211E-01
0.5590980931E-01
0.9586130599E-01
0.1357736742    
0.1756006777    
0.2152962498    
0.2548146056    
0.2941103534    
0.3331386020    
0.3718550528    
0.4102160901    
0.4481788746    
0.4857014350    
0.5227427440    
0.5592627834    
0.5952226081    
0.6305844104    
0.6653115727    
0.6993687049    
0.7327216792    
0.7653376626    
0.7971851377    
0.8282339114    
0.8584551201    
0.8878212351    
0.9163060597    
0.9438847173    
0.9705336337    
0.9962305127    
 1.020954309    
 1.044685204    
 1.067404580    
 1.089094971    
 1.109740027    
 1.129324481    
 1.147834117    
 1.165255725    
 1.181577061    
 1.196786807    
 1.210874537    
 1.223830672    
 1.235646466    
 1.246313968    
 1.255826015    
 1.264176246    
 1.271359173    
 1.277370299    
 1.282206271    
 1.285864977    
 1.288345441    
 1.289647306    
 1.289769815    
 1.288710427    
 1.286463536    
 1.283019876    
 1.278367041    
 1.272491077    
 1.265378684    
 1.257019223    
 1.247405929    
 1.236536138    
 1.224410817    
 1.211033783    
 1.196410960    
 1.180549854    
 1.163459270    
 1.145149206    
 1.125630833    
 1.104916514    
 1.083019857    
 1.059955763    
 1.035740479    
 1.010391647    
0.9839283615    
0.9563712227    
0.9277423787    
0.8980655677    
0.8673661646    
0.8356712193    
0.8030094789    
0.7694114106    
0.7349092349    
0.6995369389    
0.6633302640    
0.6263266999    
0.5885654827    
0.5500875740    
0.5109356192    
0.4711538916    
0.4307882359    
0.3898860014    
0.3484959568    
0.3066681961    
0.2644540293    
0.2219058543    
0.1790770223    
0.1360217020    
0.9279473378E-01
0.4945146352E-01
0.6047567976E-02
-.3736111233E-01
-.8071873510E-01
-.1239696309    
-.1670584868    
-.2099305174    
-.2525316212    
-.2948085381    
-.3367090058    
-.3781818993    
-.4191773541    
-.4596468850    
-.4995434928    
-.5388217510    
-.5774378817    
-.6153498227    
-.6525172743    
-.6889017372    
-.7244665356    
-.7591768266    
-.7929996014    
-.8259036769    
-.8578596746    
-.8888399938    
-.9188187760    
-.9477718599    
-.9756767400    
-1.002512524    
-1.028259876    
-1.052900945    
-1.076419317    
-1.098799956    
-1.120029148    
-1.140094438    
-1.158984569    
-1.176689427    
-1.193199980    
-1.208508231    
-1.222607175    
-1.235490745    
-1.247153752    
-1.257591856    
-1.266801525    
-1.274780007    
-1.281525285    
-1.287036057    
-1.291311719    
-1.294352338    
-1.296158634    
-1.296731972    
-1.296074355    
-1.294188422    
-1.291077442    
-1.286745326    
-1.281196627    
-1.274436557    
-1.266470996    
-1.257306518    
-1.246950409    
-1.235410690    
-1.222696136    
-1.208816317    
-1.193781622    
-1.177603287    
-1.160293433    
-1.141865103    
-1.122332298    
-1.101710003    
-1.080014218    
-1.057262005    
-1.033471524    
-1.008662049    
-.9828540013    
-.9560689779    
-.9283297817    
-.8996604364    
-.8700862008    
-.8396335837    
-.8083303560    
-.7762055486    
-.7432894492    
-.7096135991    
-.6752107838    
-.6401150142    
-.6043615051    
-.5679866472    
-.5310279657    
-.4935240790    
-.4555146671    
-.4170404252    
-.3781429949    
-.3388648997    
-.2992494950    
-.2593409031    
-.2191839401    
-.1788240320    
-.1383071441    
-.9767969392E-01
-.5698848661E-01
-.1628060103E-01
0.1621283009E-01
0.5676693030E-01
0.9731768185E-01
0.1378157333    
0.1782118709    
0.2184571196    
0.2585028885    
0.2983010767    
0.3378042033    
0.3769655068    
0.4157390609    
0.4540798740    
0.4919439801    
0.5292885338    
0.5660718878    
0.6022536547    
0.6377947756    
0.6726575762    
0.7068058122    
0.7402047101    
0.7728209904    
0.8046228877    
0.8355801673    
0.8656641265    
0.8948475923    
0.9231049120    
0.9504119294    
0.9767459606    
 1.002085769    
 1.026411529    
 1.049704783    
 1.071948399    
 1.093126521    
 1.113224517    
 1.132228934    
 1.150127435    
 1.166908746    
 1.182562598    
 1.197079679    
 1.210451574    
 1.222670725    
 1.233730387    
 1.243624627    
 1.252348362    
 1.259897488    
 1.266269109    
 1.271461824    
 1.275475953    
 1.278313477    
 1.279977447    
 1.280470845    
 1.279795192    
 1.277949464    
 1.274929878    
 1.270730699    
 1.265345734    
 1.258769851    
 1.250999958    
 1.242035248    
 1.231876911    
 1.220527645    
 1.207991236    
 1.194272321    
 1.179376301    
 1.163309350    
 1.146078470    
 1.127691547    
 1.108157426    
 1.087485984    
 1.065688200    
 1.042776232    
 1.018763493    
0.9936647269    
0.9674960843    
0.9402751958    
0.9120212401    
0.8827550120    
0.8524989842    
0.8212773697    
0.7891161766    
0.7560432451    
0.7220882752    
0.6872828482    
0.6516604424    
0.6152564363    
0.5781080910    
0.5402545181    
0.5017366425    
0.4625971501    
0.4228804162    
0.3826324247    
0.3419006723    
0.3007340565    
0.2591827541    
0.2172980869    
0.1751323787    
0.1327388041    
0.9017121963E-01
0.4748399901E-01
0.4731872794E-02
-.3803024929E-01
-.8074745787E-01
-.1233650191    
-.1658285502    
-.2080841791    
-.2500787050    
-.2917597649    
-.3330759789    
-.3739770843    
-.4144140637    
-.4543392592    
-.4937064814    
-.5324710985    
-.5705901111    
-.6080222211    
-.6447278821    
-.6806693341    
-.7158106337    
-.7501176668    
-.7835581516    
-.8161016343    
-.8477194644    
-.8783847679    
-.9080724146    
-.9367589716    
-.9644226558    
-.9910432795    
-1.016602188    
-1.041082198    
-1.064467531    
-1.086743740    
-1.107897655    
-1.127917298    
-1.146791822    
-1.164511443    
-1.181067375    
-1.196451759    
-1.210657613    
-1.223678771    
-1.235509829    
-1.246146099    
-1.255583561    
-1.263818822    
-1.270849087    
-1.276672121    
-1.281286226    
-1.284690226    
-1.286883447    
-1.287865711    
-1.287637330    
-1.286199107    
-1.283552343    
-1.279698851    
-1.274640966    
-1.268381574    
-1.260924139    
-1.252272728    
-1.242432047    
-1.231407483    
-1.219205149    
-1.205831928    
-1.191295520    
-1.175604493    
-1.158768342    
-1.140797535    
-1.121703573    
-1.101499048    
-1.080197698    
-1.057814466    
-1.034365556    
-1.009868487    
-.9843421373    
-.9578067886    
-.9302841791    
-.9017975475    
-.8723716622    
-.8420328463    
-.8108090026    
-.7787296325    
-.7458258501    
-.7121303819    
-.6776775513    
-.6425032626    
-.6066449812    
-.5701417018    
-.5330339041    
-.4953634944    
-.4571737440    
-.4185092190    
-.3794156930    
-.3399400499    
-.3001301808    
-.2600348713    
-.2197036819    
-.1791868215    
-.1385350041    
-.9779930637E-01
-.5703101833E-01
-.1628149763E-01
0.1642042374E-01
0.5746477723E-01
0.9847719525E-01
0.1394076586    
0.1802063543    
0.2208237978    
0.2612109624    
0.3013194088    
0.3411014066    
0.3805100470    
0.4194993496    
0.4580243671    
0.4960412869    
0.5335075141    
0.5703817403    
0.6066240165    
0.6421958213    
0.6770601092    
0.7111813487    
0.7445255492    
0.7770602845    
0.8087547101    
0.8395795644    
0.8695071639    
0.8985113899    
0.9265676649    
0.9536529321    
0.9797456237    
 1.004825615    
 1.028874188    
 1.051873986    
 1.073808959    
 1.094664305    
 1.114426408    
 1.133082797    
 1.150622091    
 1.167033932    
 1.182308929    
 1.196438603    
 1.209415341    
 1.221232358    
 1.231883681    
 1.241364203    
 1.249669832    
 1.256797788    
 1.262747035    
 1.267518746    
 1.271116512    
 1.273545989    
 1.274813756    
 1.274925555    
 1.273884502    
 1.271690038    
 1.268338101    
 1.263822423    
 1.258136370    
 1.251274577    
 1.243233899    
 1.234013588    
 1.223614974    
 1.212040997    
 1.199295810    
 1.185384532    
 1.170313131    
 1.154088400    
 1.136717981    
 1.118210419    
 1.098575221    
 1.077822907    
 1.055965085    
 1.033014519    
 1.008985188    
0.9838923567    
0.9577526425    
0.9305840811    
0.9024061888    
0.8732400254    
0.8431082526    
0.8120351735    
0.7800467669    
0.7471707345    
0.7134365362    
0.6788754031    
0.6435203438    
0.6074061402    
0.5705693370    
0.5330482268    
0.4948828080    
0.4561147287    
0.4167872272    
0.3769450512    
0.3366343724    
0.2959026905    
0.2547987173    
0.2133722556    
0.1716740683    
0.1297557328    
0.8766949375E-01
0.4546810612E-01
0.3204671558E-02
-.3906752139E-01
-.8129516051E-01
-.1234250752    
-.1654044011    
-.2071807438    
-.2487023339    
-.2899181723    
-.3307781743    
-.3712333036    
-.4112356951    
-.4507387668    
-.4896973228    
-.5280676438    
-.5658075599    
-.6028765132    
-.6392356172    
-.6748476986    
-.7096773190    
-.7436907902    
-.7768561821    
-.8091433171    
-.8405237573    
-.8709707821    
-.9004593520    
-.9289660691    
-.9564691291    
-.9829482685    
-1.008384718    
-1.032761146    
-1.056061584    
-1.078271370    
-1.099377083    
-1.119366480    
-1.138228423    
-1.155952815    
-1.172530532    
-1.187953377    
-1.202214022    
-1.215305947    
-1.227223386    
-1.237961271    
-1.247515201    
-1.255881394    
-1.263056657    
-1.269038354    
-1.273824389    
-1.277413182    
-1.279803644    
-1.280995162    
-1.280987588    
-1.279781234    
-1.277376874    
-1.273775758    
-1.268979628    
-1.262990738    
-1.255811886    
-1.247446445    
-1.237898388    
-1.227172330    
-1.215273563    
-1.202208100    
-1.187982726    
-1.172605052    
-1.156083563    
-1.138427688    
-1.119647850    
-1.099755520    
-1.078763279    
-1.056684884    
-1.033535324    
-1.009330879    
-.9840891659    
-.9578292012    
-.9305714597    
-.9023379129    
-.8731520606    
-.8430389741    
-.8120253258    
-.7801394054    
-.7474111337    
-.7138720663    
-.6795553873    
-.6444958991    
-.6087300052    
-.5722956759    
-.5352323916    
-.4975810852    
-.4593840913    
-.4206850715    
-.3815289217    
-.3419616698    
-.3020303780    
-.2617830434    
-.2212684771    
-.1805361634    
-.1396361426    
-.9861886825E-01
-.5753508008E-01
-.1643564951E-01
0.1655306329E-01
0.5790888316E-01
0.9921278259E-01
0.1404143484    
0.1814634346    
0.2223103095    
0.2629057714    
0.3032012812    
0.3431490824    
0.3827023227    
0.4218151640    
0.4604428829    
0.4985419565    
0.5360701404    
0.5729865463    
0.6092517181    
0.6448276858    
0.6796779996    
0.7137677605    
0.7470636520    
0.7795339592    
0.8111485730    
0.8418789846    
0.8716982757    
0.9005811005    
0.9285036569    
0.9554436525    
0.9813802734    
 1.006294143    
 1.030167264    
 1.052982969    
 1.074725875    
 1.095381832    
 1.114937854    
 1.133382058    
 1.150703616    
 1.166892702    
 1.181940427    
 1.195838792    
 1.208580632    
 1.220159597    
 1.230570172    
 1.239807779    
 1.247869020    
 1.254752081    
 1.260457280    
 1.264987553    
 1.268348506    
 1.270547668    
 1.271592883    
 1.271490231    
 1.270242241    
 1.267847204    
 1.264299889    
 1.259593321    
 1.253720814    
 1.246677497    
 1.238460995    
 1.229071382    
 1.218510730    
 1.206782604    
 1.193891687    
 1.179843576    
 1.164644712    
 1.148302365    
 1.130824657    
 1.112220618    
 1.092500244    
 1.071674559    
 1.049755676    
 1.026756860    
 1.002692583    
0.9775785862    
0.9514319459    
0.9242711377    
0.8961160862    
0.8669882118    
0.8369104865    
0.8059074800    
0.7740053870    
0.7412320590    
0.7076170358    
0.6731915530    
0.6379885416    
0.6020426257    
0.5653901082    
0.5280689417    
0.4901186873    
0.4515804683    
0.4124969132    
0.3729120784    
0.3328713551    
0.2924213769    
0.2516099191    
0.2104857833    
0.1690986686    
0.1274990344    
0.8573796040E-01
0.4386700241E-01
0.1938041818E-02
-.3999686692E-01
-.8188564999E-01
-.1236763706    
-.1653173887    
-.2067575112    
-.2479461302    
-.2888333656    
-.3293702096    
-.3695086456    
-.4092017607    
-.4484038642    
-.4870705852    
-.5251589498    
-.5626274593    
-.5994361600    
-.6355466906    
-.6709223210    
-.7055279870    
-.7393303090    
-.7722975936    
-.8043998308    
-.8356086874    
-.8658974907    
-.8952412003    
-.9236163713    
-.9510011128    
-.9773750407    
-1.002719226    
-1.027016141    
-1.050249601    
-1.072404715    
-1.093467815    
-1.113426390    
-1.132269029    
-1.149985368    
-1.166566026    
-1.182002530    
-1.196287269    
-1.209413449    
-1.221375041    
-1.232166724    
-1.241783848    
-1.250222400    
-1.257478978    
-1.263550769    
-1.268435529    
-1.272131549    
-1.274637624    
-1.275953017    
-1.276077442    
-1.275011038    
-1.272754373    
-1.269308450    
-1.264674737    
-1.258855189    
-1.251852290    
-1.243669084    
-1.234309192    
-1.223776845    
-1.212076923    
-1.199215006    
-1.185197418    
-1.170031267    
-1.153724488    
-1.136285912    
-1.117725320    
-1.098053506    
-1.077282320    
-1.055424734    
-1.032494908    
-1.008508247    
-.9834814584    
-.9574325962    
-.9303811196    
-.9023479383    
-.8733554614    
-.8434276406    
-.8125899988    
-.7808696495    
-.7482953184    
-.7148973612    
-.6807077642    
-.6457601285    
-.6100896553    
-.5737331275    
-.5367288650    
-.4991166757    
-.4609378116    
-.4222348963    
-.3830518340    
-.3434337308    
-.3034268077    
-.2630782861    
-.2224362673    
-.1815496161    
-.1404678432    
-.9924097349E-01
-.5791940532E-01
-.1655377549E-01
0.1663417215E-01
0.5818066608E-01
0.9966320693E-01
0.1410310690    
0.1822338658    
0.2232216357    
0.2639450241    
0.3043553942    
0.3444049532    
0.3840468555    
0.4232353198    
0.4619257291    
0.5000747282    
0.5376402953    
0.5745818117    
0.6108601235    
0.6464375933    
0.6812781430    
0.7153472872    
0.7486121433    
0.7810414422    
0.8126055351    
0.8432763848    
0.8730275497    
0.9018341582    
0.9296728767    
0.9565218841    
0.9823608294    
 1.007170773    
 1.030934143    
 1.053634698    
 1.075257457    
 1.095788639    
 1.115215611    
 1.133526834    
 1.150711809    
 1.166761010    
 1.181665830    
 1.195418535    
 1.208012220    
 1.219440793    
 1.229699014    
 1.238782621    
 1.246688623    
 1.253415777    
 1.258965170    
 1.263340643    
 1.266548681    
 1.268597445    
 1.269494958    
 1.269246956    
 1.267855293    
 1.265317606    
 1.261628361    
 1.256780769    
 1.250768752    
 1.243588272    
 1.235237821    
 1.225718226    
 1.215032163    
 1.203183676    
 1.190177866    
 1.176020715    
 1.160719033    
 1.144280469    
 1.126713546    
 1.108027708    
 1.088233373    
 1.067341982    
 1.045366071    
 1.022319325    
0.9982166339    
0.9730741551    
0.9469093664    
0.9197411178    
0.8915896897    
0.8624768435    
0.8324258597    
0.8014615673    
0.7696103776    
0.7369003148    
0.7033610319    
0.6690238172    
0.6339215996    
0.5980889369    
0.5615619950    
0.5243785232    
0.4865778118    
0.4482006387    
0.4092892092    
0.3698870810    
0.3300390864    
0.2897912399    
0.2491906286    
0.2082853043    
0.1671241643    
0.1257568196    
0.8423346682E-01
0.4260475203E-01
0.9216220297E-03
-.4076482231E-01
-.8240347548E-01
-.1239433698    
-.1653338161    
-.2065245562    
-.2474659027    
-.2881088620    
-.3284052658    
-.3683079029    
-.4077706281    
-.4467484556    
-.4851976542    
-.5230758426    
-.5603420612    
-.5969568216    
-.6328821611    
-.6680816943    
-.7025206404    
-.7361658388    
-.7689857618    
-.8009505180    
-.8320318424    
-.8622030774    
-.8914391551    
-.9197165703    
-.9470133312    
-.9733089147    
-.9985842345    
-1.022821594    
-1.046004619    
-1.068118203    
-1.089148452    
-1.109082635    
-1.127909124    
-1.145617320    
-1.162197603    
-1.177641284    
-1.191940544    
-1.205088378    
-1.217078545    
-1.227905535    
-1.237564524    
-1.246051339    
-1.253362432    
-1.259494863    
-1.264446274    
-1.268214863    
-1.270799338    
-1.272198869    
-1.272413032    
-1.271441798    
-1.269285535    
-1.265945033    
-1.261421546    
-1.255716840    
-1.248833230    
-1.240773584    
-1.231541341    
-1.221140553    
-1.209575916    
-1.196852795    
-1.182977265    
-1.167956153    
-1.151797099    
-1.134508603    
-1.116100074    
-1.096581889    
-1.075965454    
-1.054263254    
-1.031488911    
-1.007657247    
-.9827843385    
-.9568875762    
-.9299857176    
-.9020989331    
-.8732488498    
-.8434585943    
-.8127528313    
-.7811577975    
-.7487013206    
-.7154128283    
-.6813233623    
-.6464655879    
-.6108737823    
-.5745838083    
-.5376330813    
-.5000605335    
-.4619065693    
-.4232129988    
-.3840229680    
-.3443808777    
-.3043322931    
-.2639238470    
-.2232031348    
-.1822185888    
-.1410193588    
-.9965517659E-01
-.5817623489E-01
-.1663304078E-01
0.1669234421E-01
0.5837591414E-01
0.9998713035E-01
0.1414750244    
0.1827889611    
0.2238788103    
0.2646950695    
0.3051889972    
0.3453127252    
0.3850193854    
0.4242632203    
0.4629996773    
0.5011854910    
0.5387787745    
0.5757390836    
0.6120274689    
0.6476065318    
0.6824404599    
0.7164950426    
0.7497376952    
0.7821374679    
0.8136650348    
0.8442926871    
0.8739943173    
0.9027453892    
0.9305229063    
0.9573053730    
0.9830727544    
 1.007806429    
 1.031489126    
 1.054104881    
 1.075638986    
 1.096077926    
 1.115409318    
 1.133621861    
 1.150705265    
 1.166650200    
 1.181448255    
 1.195091883    
 1.207574346    
 1.218889709    
 1.229032898    
 1.237999832    
 1.245787712    
 1.252395503    
 1.257824500    
 1.262078693    
 1.265164590    
 1.267090195    
 1.267863225    
 1.267489113    
 1.265969605    
 1.263302581    
 1.259483155    
 1.254505509    
 1.248364664    
 1.241057618    
 1.232583705    
 1.222944390    
 1.212142834    
 1.200183473    
 1.187071743    
 1.172813951    
 1.157417232    
 1.140889562    
 1.123239806    
 1.104477750    
 1.084614151    
 1.063660815    
 1.041630650    
 1.018537709    
0.9943972367    
0.9692257453    
0.9430410618    
0.9158623712    
0.8877102634    
0.8586067849    
0.8285754715    
0.7976413760    
0.7658311026    
0.7331728290    
0.6996963158    
0.6654329091    
0.6304155394    
0.5946787126    
0.5582584843    
0.5211924256    
0.4835195844    
0.4452804343    
0.4065168139    
0.3672718579    
0.3275899114    
0.2875164401    
0.2470979333    
0.2063817902    
0.1654162071    
0.1242500642    
0.8293278699E-01
0.4151420860E-01
0.4444744443E-04
-.4142623104E-01
-.8284756582E-01
-.1241694419    
-.1653420202    
-.2063158654    
-.2470420864    
-.2874724734    
-.3275596144    
-.3672570061    
-.4065191672    
-.4453017334    
-.4835615460    
-.5212567406    
-.5583468180    
-.5947927010    
-.6305567880    
-.6656029979    
-.6998967986    
-.7334052237    
-.7660968905    
-.7979420100    
-.8289123754    
-.8589813463    
-.8881238335    
-.9163162687    
-.9435365745    
-.9697641281    
-.9949797125    
-1.019165473    
-1.042304874    
-1.064382640    
-1.085384698    
-1.105298120    
-1.124111083    
-1.141812808    
-1.158393496    
-1.173844264    
-1.188157110    
-1.201324860    
-1.213341116    
-1.224200213    
-1.233897176    
-1.242427684    
-1.249788047    
-1.255975178    
-1.260986550    
-1.264820157    
-1.267474481    
-1.268948445    
-1.269241384    
-1.268353042    
-1.266283588    
-1.263033648    
-1.258604333    
-1.252997291    
-1.246214720    
-1.238259383    
-1.229134624    
-1.218844383    
-1.207393214    
-1.194786329    
-1.181029637    
-1.166129781    
-1.150094178    
-1.132931074    
-1.114649604    
-1.095259840    
-1.074772833    
-1.053200677    
-1.030556575    
-1.006854889    
-.9821112043    
-.9563423728    
-.9295665658    
-.9018033345    
-.8730736599    
-.8433999891    
-.8128062748    
-.7813180114    
-.7489622648    
-.7157676941    
-.6817645643    
-.6469847516    
-.6114617353    
-.5752305869    
-.5383279555    
-.5007920329    
-.4626625053    
-.4239805048    
-.3847885457    
-.3451304433    
-.3050512295    
-.2645970637    
-.2238151298    
-.1827535177    
-.1414610975    
-.9998739812E-01
-.5838247706E-01
-.1669677590E-01
0.1675416532E-01
0.5858307994E-01
0.1003304223    
0.1419449290    
0.1833757342    
0.2245725044    
0.2654855824    
0.3060661065    
0.3462661567    
0.3860388601    
0.4253384991    
0.4641206111    
0.5023420721    
0.5399611776    
0.5769377102    
0.6132329865    
0.6488099052    
0.6836329766    
0.7176683400    
0.7508837807    
0.7832487294    
0.8147342557    
0.8453130565    
0.8749594262    
0.9036492260    
0.9313598511    
0.9580701886    
0.9837605760    
 1.008412750    
 1.032009786    
 1.054536050    
 1.075977140    
 1.096319828    
 1.115551996    
 1.133662592    
 1.150641565    
 1.166479812    
 1.181169124    
 1.194702132    
 1.207072274    
 1.218273783    
 1.228301718    
 1.237152096    
 1.244822160    
 1.251310805    
 1.256619093    
 1.260750600    
 1.263711271    
 1.265508527    
 1.266149686    
 1.265640173    
 1.263982238    
 1.261174742    
 1.257214083    
 1.252095798    
 1.245816138    
 1.238373092    
 1.229766740    
 1.219999093    
 1.209073741    
 1.196995489    
 1.183770121    
 1.169404297    
 1.153905522    
 1.137282152    
 1.119543439    
 1.100699568    
 1.080761716    
 1.059742102    
 1.037654034    
 1.014511974    
0.9903315891    
0.9651297847    
0.9389247703    
0.9117361016    
0.8835847110    
0.8544929536    
0.8244846445    
0.7935850847    
0.7618210829    
0.7292209634    
0.6958145778    
0.6616333164    
0.6267100923    
0.5910793218    
0.5547769080    
0.5178402071    
0.4803079834    
0.4422203593    
0.4036187517    
0.3645458042    
0.3250453089    
0.2851621166    
0.2449420448    
0.2044317681    
0.1636787081    
0.1227309255    
0.8163699568E-01
0.4044587922E-01
-.7932028408E-03
-.4203090285E-01
-.8321787277E-01
-.1243048991    
-.1652430463    
-.2059837722    
-.2464790509    
-.2866815077    
-.3265445249    
-.3660223484    
-.4050701991    
-.4436443631    
-.4817022876    
-.5192026585    
-.5561054540    
-.5923720186    
-.6279651226    
-.6628489911    
-.6969893424    
-.7303534131    
-.7629099672    
-.7946293056    
-.8254832641    
-.8554452060    
-.8844900082    
-.9125940328    
-.9397351007    
-.9658924602    
-.9910467424    
-1.015179920    
-1.038275263    
-1.060317295    
-1.081291738    
-1.101185459    
-1.119986414    
-1.137683601    
-1.154266998    
-1.169727518    
-1.184056962    
-1.197247965    
-1.209293939    
-1.220189040    
-1.229928122    
-1.238506695    
-1.245920895    
-1.252167442    
-1.257243614    
-1.261147222    
-1.263876564    
-1.265430409    
-1.265807982    
-1.265008950    
-1.263033437    
-1.259882048    
-1.255555876    
-1.250056519    
-1.243386098    
-1.235547265    
-1.226543225    
-1.216377749    
-1.205055200    
-1.192580581    
-1.178959557    
-1.164198493    
-1.148304499    
-1.131285482    
-1.113150196    
-1.093908292    
-1.073570363    
-1.052148011    
-1.029653902    
-1.006101813    
-.9815066948    
-.9558847304    
-.9292533860    
-.9016314679    
-.8730391631    
-.8434980951    
-.8130313720    
-.7816636127    
-.7494209887    
-.7163312539    
-.6824237479    
-.6477294151    
-.6122808202    
-.5761121354    
-.5392591251    
-.5017591149    
-.4636509542    
-.4249749847    
-.3857729806    
-.3460880662    
-.3059646494    
-.2654483301    
-.2245857987    
-.1834247196    
-.1420136263    
-.1004017824    
-.5863907628E-01
-.1677584019E-01
0.1686061837E-01
0.5893721328E-01
0.1009139507    
0.1427393065    
0.1843622208    
0.2257322380    
0.2667996556    
0.3075156600    
0.3478324527    
0.3877033707    
0.4270829862    
0.4659272012    
0.5041933395    
0.5418402115    
0.5788281702    
0.6151191641    
0.6506767709    
0.6854662238    
0.7194544201    
0.7526099221    
0.7849029608    
0.8163054195    
0.8467908039    
0.8763342179    
0.9049123306    
0.9325033257    
0.9590868562    
0.9846439986    
 1.009157198    
 1.032610208    
 1.054988036    
 1.076276891    
 1.096464119    
 1.115538142    
 1.133488407    
 1.150305324    
 1.165980220    
 1.180505280    
 1.193873503    
 1.206078663    
 1.217115288    
 1.226978675    
 1.235664982    
 1.243171426    
 1.249496629    
 1.254641030    
 1.258607236    
 1.261400030    
 1.263025786    
 1.263491282    
 1.262802221    
 1.260962027    
 1.257971417    
 1.253828911    
 1.248532009    
 1.242078519    
 1.234467505    
 1.225699742    
 1.215777714    
 1.204705374    
 1.192487873    
 1.179131358    
 1.164642869    
 1.149030306    
 1.132302433    
 1.114468912    
 1.095540353    
 1.075528363    
 1.054445595    
 1.032305798    
 1.009123858    
0.9849158491    
0.9596990772    
0.9334921214    
0.9063148779    
0.8781885986    
0.8491359208    
0.8191808957    
0.7883490099    
0.7566672023    
0.7241638755    
0.6908688995    
0.6568136107    
0.6220307997    
0.5865546881    
0.5504209067    
0.5136664654    
0.4763297040    
0.4384502415    
0.4000689215    
0.3612277404    
0.3219697703    
0.2823390816    
0.2423806481    
0.2021402494    
0.1616643676    
0.1210000756    
0.8019493213E-01
0.3929686139E-01
-.1645976197E-02
-.4258530022E-01
-.8347283391E-01
-.1242604335    
-.1649002058    
-.2053446312    
-.2455466816    
-.2854599317    
-.3250386766    
-.3642380350    
-.4030140430    
-.4413237523    
-.4791253116    
-.5163780408    
-.5530425048    
-.5890805689    
-.6244554523    
-.6591317743    
-.6930755819    
-.7262543791    
-.7586371453    
-.7901943397    
-.8208979097    
-.8507212868    
-.8796393688    
-.9076285031    
-.9346664555    
-.9607323849    
-.9858068142    
-1.009871580    
-1.032909795    
-1.054905811    
-1.075845159    
-1.095714503    
-1.114501597    
-1.132195229    
-1.148785168    
-1.164262115    
-1.178617650    
-1.191844195    
-1.203934956    
-1.214883876    
-1.224685599    
-1.233335430    
-1.240829295    
-1.247163716    
-1.252335768    
-1.256343054    
-1.259183687    
-1.260856268    
-1.261359870    
-1.260694035    
-1.258858765    
-1.255854520    
-1.251682220    
-1.246343253    
-1.239839487    
-1.232173290    
-1.223347540    
-1.213365651    
-1.202231596    
-1.189949936    
-1.176525867    
-1.161965253    
-1.146274656    
-1.129461397    
-1.111533601    
-1.092500239    
-1.072371193    
-1.051157300    
-1.028870413    
-1.005523461    
-.9811304987    
-.9557067684    
-.9292687593    
-.9018342564    
-.8734223999    
-.8440537340    
-.8137502517    
-.7825354469    
-.7504343495    
-.7174735520    
-.6836812404    
-.6490872101    
-.6137228789    
-.5776212920    
-.5408171051    
-.5033465680    
-.4652475048    
-.4265592713    
-.3873227031    
-.3475800543    
-.3073749262    
-.2667521925    
-.2257579008    
-.1844391662    
-.1428440584    
-.1010214841    
-.5902104397E-01
-.1689291762E-01
0.1707249902E-01
0.5963895490E-01
0.1020663716    
0.1443029931    
0.1862976574    
0.2279999544    
0.2693603697    
0.3103304252    
0.3508628071    
0.3909114808    
0.4304317927    
0.4693805596    
0.5077161447    
0.5453985232    
0.5823893366    
0.6186519303    
0.6541513718    
0.6888544589    
0.7227297273    
0.7557474468    
0.7878795953    
0.8190998233    
0.8493834205    
0.8787072760    
0.9070498316    
0.9343910275    
0.9607122401    
0.9859962168    
 1.010227020    
 1.033389967    
 1.055471566    
 1.076459449    
 1.096342312    
 1.115109845    
 1.132752682    
 1.149262349    
 1.164631207    
 1.178852396    
 1.191919793    
 1.203827973    
 1.214572186    
 1.224148341    
 1.232553041    
 1.239783680    
 1.245838639    
 1.250717580    
 1.254421752    
 1.256954187    
 1.258319597    
 1.258523841    
 1.257572997    
 1.255472292    
 1.252225318    
 1.247833820    
 1.242298132    
 1.235618026    
 1.227793639    
 1.218826165    
 1.208718192    
 1.197473738    
 1.185098111    
 1.171597732    
 1.156979993    
 1.141253198    
 1.124426544    
 1.106510135    
 1.087515020    
 1.067453227    
 1.046337813    
 1.024182897    
 1.001003718    
0.9768166585    
0.9516392918    
0.9254904210    
0.8983901197    
0.8703597546    
0.8414220087    
0.8116009114    
0.7809218578    
0.7494116184    
0.7170983515    
0.6840116075    
0.6501823198    
0.6156427943    
0.5804266973    
0.5445690326    
0.5081061055    
0.4710754830    
0.4335159472    
0.3954674406    
0.3569710040    
0.3180687065    
0.2788035686    
0.2392194778    
0.1993610995    
0.1592737776    
0.1190034292    
0.7859643986E-01
0.3809955425E-01
-.2440237953E-02
-.4297582440E-01
-.8346009140E-01
-.1238460354    
-.1640868794    
-.2041361947    
-.2439480134    
-.2834769400    
-.3226782600    
-.3615080363    
-.3999232054    
-.4378816744    
-.4753424051    
-.5122654803    
-.5486121666    
-.5843449779    
-.6194277324    
-.6538255963    
-.6875051126    
-.7204342225    
-.7525822862    
-.7839201018    
-.8144199094    
-.8440553758    
-.8728015802    
-.9006350067    
-.9275335254    
-.9534763581    
-.9784440429    
-1.002418401    
-1.025382500    
-1.047320608    
-1.068218146    
-1.088061650    
-1.106838712    
-1.124537938    
-1.141148893    
-1.156662059    
-1.171068778    
-1.184361215    
-1.196532303    
-1.207575695    
-1.217485734    
-1.226257412    
-1.233886324    
-1.240368636    
-1.245701055    
-1.249880806    
-1.252905606    
-1.254773639    
-1.255483544    
-1.255034397    
-1.253425705    
-1.250657409    
-1.246729878    
-1.241643911    
-1.235400745    
-1.228002079    
-1.219450086    
-1.209747425    
-1.198897276    
-1.186903377    
-1.173770046    
-1.159502230    
-1.144105542    
-1.127586305    
-1.109951609    
-1.091209361    
-1.071368339    
-1.050438249    
-1.028429790    
-1.005354714    
-.9812258809    
-.9560573223    
-.9298643081    
-.9026634089    
-.8744725536    
-.8453110821    
-.8151997928    
-.7841609911    
-.7522185395    
-.7193978954    
-.6857261291    
-.6512319388    
-.6159456736    
-.5798993450    
-.5431266098    
-.5056627447    
-.4675446281    
-.4288107062    
-.3895009384    
-.3496567353    
-.3093208882    
-.2685374886    
-.2273518456    
-.1858103894    
-.1439605687    
-.1018507269    
-.5952999545E-01
-.1704816500E-01
0.1744605615E-01
0.6088916069E-01
0.1041361254    
0.1471336339    
0.1898291568    
0.2321710882    
0.2741089193    
0.3155933768    
0.3565765576    
0.3970120374    
0.4368549907    
0.4760622866    
0.5145925676    
0.5524063228    
0.5894659356    
0.6257357162    
0.6611819375    
0.6957728482    
0.7294786633    
0.7622715464    
0.7941255846    
0.8250167606    
0.8549229098    
0.8838236579    
0.9117003562    
0.9385360185    
0.9643152531    
0.9890241826    
 1.012650357    
 1.035182673    
 1.056611299    
 1.076927587    
 1.096123982    
 1.114193943    
 1.131131875    
 1.146933043    
 1.161593486    
 1.175109962    
 1.187479878    
 1.198701225    
 1.208772523    
 1.217692775    
 1.225461428    
 1.232078353    
 1.237543856    
 1.241858735    
 1.245024343    
 1.247042707    
 1.247916635    
 1.247649759    
 1.246246483    
 1.243711824    
 1.240051171    
 1.235270014    
 1.229373707    
 1.222367352    
 1.214255809    
 1.205043794    
 1.194736029    
 1.183337410    
 1.170853153    
 1.157288920    
 1.142650923    
 1.126945990    
 1.110181645    
 1.092366171    
 1.073508673    
 1.053619145    
 1.032708539    
 1.010788823    
0.9878730457    
0.9639754054    
0.9391113113    
0.9132974362    
0.8865517661    
0.8588936599    
0.8303438963    
0.8009247021    
0.7706597819    
0.7395743486    
0.7076951410    
0.6750504208    
0.6416699668    
0.6075850716    
0.5728285193    
0.5374345447    
0.5014387938    
0.4648782803    
0.4277913282    
0.3902174954    
0.3521974894    
0.3137730893    
0.2749870590    
0.2358830435    
0.1965054601    
0.1568993947    
0.1171104965    
0.7718485503E-01
0.3716887311E-01
-.2890844143E-02
-.4294760490E-01
-.8295475426E-01
-.1228657942    
-.1626345043    
-.2022150549    
-.2415621152    
-.2806309630    
-.3193775825    
-.3577587652    
-.3957322120    
-.4332566111    
-.4702917123    
-.5067984087    
-.5427388034    
-.5780762631    
-.6127754629    
-.6468024262    
-.6801245655    
-.7127107075    
-.7445311085    
-.7755574613    
-.8057628925    
-.8351219589    
-.8636106384    
-.8912063032    
-.9178876886    
-.9436348622    
-.9684291896    
-.9922532923    
-1.015090994    
-1.036927270    
-1.057748202    
-1.077540916    
-1.096293529    
-1.113995085    
-1.130635499    
-1.146205506    
-1.160696604    
-1.174100994    
-1.186411526    
-1.197621655    
-1.207725397    
-1.216717272    
-1.224592272    
-1.231345824    
-1.236973751    
-1.241472248    
-1.244837864    
-1.247067481    
-1.248158294    
-1.248107803    
-1.246913815    
-1.244574447    
-1.241088124    
-1.236453599    
-1.230669971    
-1.223736707    
-1.215653659    
-1.206421117    
-1.196039844    
-1.184511118    
-1.171836771    
-1.158019254    
-1.143061705    
-1.126968007    
-1.109742848    
-1.091391797    
-1.071921386    
-1.051339187    
-1.029653890    
-1.006875382    
-.9830148423    
-.9580848212    
-.9320993214    
-.9050738859    
-.8770256757    
-.8479735460    
-.8179381198    
-.7869418521    
-.7550090911    
-.7221661254    
-.6884412269    
-.6538646884    
-.6184688382    
-.5822880408    
-.5453586900    
-.5077191857    
-.4694098934    
-.4304730840    
-.3909528616    
-.3508950729    
-.3103471982    
-.2693582243    
-.2279785066    
-.1862596059    
-.1442541221    
-.1020155050    
-.5959787798E-01
-.1705581381E-01
