-3.1472368639317898e-02 
-4.0579193707561925e-02 
3.7301318370649393e-02 
-4.1337585613901939e-02 
-1.3235924622540952e-02 
4.0245959500059048e-02 
2.2150178113295161e-02 
-4.6881519204983848e-03 
-4.5750683543429760e-02 
-4.6488853519927653e-02 
3.4238691832245170e-02 
-4.7059278176061571e-02 
-4.5716694824294558e-02 
1.4624351277158776e-03 
-3.0028046888880014e-02 
3.5811366137278471e-02 
7.8238717373725012e-03 
-4.1573552518906709e-02 
-2.9220732955955443e-02 
-4.5949242639290303e-02 
-1.5574069915658684e-02 
4.6428832142581047e-02 
-3.4912930586877715e-02 
-4.3399324775755060e-02 
-1.7873515485777348e-02 
-2.5774013057833348e-02 
-2.4313246812491619e-02 
1.0777298046583185e-02 
-1.5547789017755664e-02 
3.2881331218843825e-02 
-2.0604608801960880e-02 
4.6816715362257934e-02 
2.2307701503911006e-02 
4.5382860936884609e-02 
4.0286821876415246e-02 
-3.2345782832729264e-02 
-1.9482862297581706e-02 
1.8290051993913949e-02 
-4.5022204883835494e-02 
4.6555391949709125e-02 
6.1255640343601762e-03 
1.1844154290699162e-02 
-2.6551678814900240e-02 
-2.9519990113706318e-02 
3.1312739544562145e-02 
1.0235604211768945e-03 
5.4413799289100510e-03 
-1.4631301011126464e-02 
-2.0936483085807256e-02 
-2.5468668198236091e-02 
2.2397492300142166e-02 
-1.7970267685367480e-02 
-1.5509800397384067e-02 
3.3738826480536943e-02 
3.8100231844162336e-02 
1.6359480178570476e-04 
-4.5974395851608112e-02 
1.5961427333386680e-02 
-8.5267750979777356e-03 
2.7618806050886305e-02 
-2.5126705930565287e-02 
2.4490488454073089e-02 
-5.9570516651423770e-04 
-1.9907672265668599e-02 
-3.9090325253579854e-02 
-4.5929142520544433e-02 
-4.7215529963803076e-03 
3.6137555717132085e-02 
3.5070599444094255e-02 
2.4249174587626356e-02 
-3.4071725598366256e-02 
2.4571782102846898e-02 
-3.1428482606881636e-02 
2.5647503127501071e-02 
-4.2926362318722780e-02 
1.5001623401519127e-02 
3.0340474956879183e-02 
2.4891614202396897e-02 
-1.1604467614663917e-02 
2.6711151097270737e-03 
1.4834049293700325e-02 
-3.3082862789629089e-02 
-8.5264091152724274e-03 
-4.9723608291139532e-03 
-4.1719366382981009e-02 
2.1416098117962648e-02 
-2.5720022911072130e-02 
-2.5372909427849533e-02 
1.1955415302464335e-02 
-6.7821640725221127e-03 
4.2414571043693644e-02 
4.4604988133339289e-02 
-3.0797553008972689e-03 
-2.7916723010201119e-02 
-4.3401068422918299e-02 
3.7009379152626989e-02 
-6.8823660872192717e-03 
3.0609358941794174e-03 
4.8809793049875864e-02 
1.6287735560111850e-02 
3.3781769180675728e-02 
-2.9428454068390699e-02 
1.8878495795519513e-02 
-2.8533135506212727e-03 
3.3435127050021905e-02 
-1.0198194140163652e-02 
2.3702871545985573e-02 
-1.5407909847678225e-02 
-1.8921450314000776e-02 
-2.4815159282370949e-02 
4.9458401497502252e-03 
4.1617862200306749e-02 
2.7102303128318118e-02 
-4.1333736150166958e-02 
3.4762198103077700e-02 
-3.2581697748954745e-02 
-3.8342435260057097e-03 
-4.9613471662688549e-02 
4.2182447124681638e-02 
5.7321730224553676e-03 
3.9334722981941565e-02 
-4.6189808085505372e-02 
4.9536577586593258e-02 
-2.7491046471150239e-02 
-3.1730322065343299e-02 
-3.6869470536350972e-02 
4.1556415448908972e-02 
1.0021735090110352e-02 
2.4012959714934581e-02 
-3.0006848022430754e-02 
6.8586172536455386e-03 
-4.1064759442952292e-02 
3.1815297169714755e-02 
2.3619708347800996e-02 
3.5446101961528302e-02 
3.6393144129133630e-02 
-3.6929220764008931e-02 
-7.9704587365570182e-03 
-4.9860201836331997e-03 
3.5504520177627320e-02 
-3.5303111772189366e-02 
-1.2205513148506597e-02 
1.4904761910772913e-02 
-1.3249539867053351e-03 
9.8191966248058274e-03 
4.2403330830915811e-02 
2.6008384644634199e-02 
3.7668106516483446e-02 
3.1609221171758330e-02 
2.6004747433509723e-02 
8.2732930915630498e-03 
4.5034556967425789e-02 
-4.0271610991528109e-02 
-4.4478718972164599e-02 
9.1359075319200631e-04 
1.0747361599981132e-03 
1.6228059017862284e-02 
-4.0005384641766201e-02 
1.3075321887978497e-02 
3.8879724470621262e-02 
-2.8025206832113791e-02 
1.1026116303874657e-02 
2.5830871408616729e-02 
9.6087854411885283e-03 
4.0354547483161141e-02 
3.6802670739366494e-02 
-4.4205059077548514e-02 
-4.5613454022980227e-02 
-7.5208595078465560e-03 
4.4022045705284424e-02 
2.6522008662759368e-02 
1.4684142877792895e-02 
-3.2119404019795905e-02 
4.8459656234844495e-02 
4.5697619834219216e-02 
3.3100997053729563e-02 
-1.4911547495645206e-02 
-2.3172238565867032e-02 
-1.4774596313630673e-02 
4.9076293569055079e-03 
-4.7008892286344974e-03 
2.0367919439222684e-02 
-2.4469280707415622e-02 
3.1104498496745549e-02 
-1.8677543336531498e-02 
3.1648884426273026e-02 
1.3151540350966351e-02 
-1.2561856072969037e-02 
-2.8022743515137685e-02 
4.1887423113421474e-02 
-4.2938597096873005e-02 
-2.7571267860840232e-02 
1.3208367596827643e-03 
6.4141411419080920e-03 
5.3216250570193753e-03 
1.9365052798344263e-02 
-8.5086553811269949e-04 
-1.0771564172109671e-03 
-3.1762770832226207e-02 
-2.9483141688345305e-02 
-1.4431813019369168e-02 
1.2139061733973156e-02 
-3.1158045828247716e-02 
-3.2825588799454855e-03 
1.4927289642311671e-02 
-4.3900156199988688e-02 
-3.7594281149298386e-02 
-5.0156342898422194e-03 
-1.2247508600122747e-02 
-8.7044704531416776e-03 
2.9225770726697155e-02 
1.9875366972050935e-02 
2.9076651482409345e-03 
2.6951183978844152e-02 
-3.4430879269538910e-02 
3.0523571043295075e-02 
2.7407821902760122e-02 
3.2929195285214145e-02 
2.7233570218344650e-02 
6.4301315896100886e-03 
1.8889771334958717e-02 
-4.2337964210324389e-02 
6.9792608670416036e-03 
3.1518367987586393e-02 
-4.0488096867989293e-02 
-4.7974837835608519e-02 
6.1130026873896792e-03 
3.8888077655940129e-02 
2.4193530408793310e-02 
9.1280153887447930e-03 
-9.4896074008614332e-03 
2.3778825221915458e-02 
-1.0284308938208298e-02 
-2.1121578043368297e-02 
2.7825326598275992e-02 
3.8258234914419410e-02 
2.0332412678167312e-02 
1.8122169807411770e-02 
7.5833240286192760e-03 
-7.8582846611181540e-04 
4.1448420290995602e-02 
2.3751776530166736e-02 
-3.0101462276973880e-02 
4.7077972243785376e-02 
-4.2885413947804464e-02 
-2.3033086285545290e-02 
1.1391026196420852e-03 
-7.8525061023438925e-03 
2.6271642022847853e-02 
4.1151171820068893e-03 
-4.6308853928691301e-02 
-4.6805718738967992e-03 
-2.1135830804001501e-03 
2.6840561329147618e-02 
1.1102256079833061e-03 
-1.2406008817368953e-02 
-1.7913554086574770e-02 
1.0448478433140696e-02 
1.3256335145552346e-02 
-4.8798200316163276e-02 
4.6226113376044792e-02 
-3.8516800820247533e-02 
-4.1328682763923902e-02 
-2.9618387358521205e-02 
4.0128772134442575e-02 
2.3812881612928397e-02 
1.6464316003720347e-02 
-1.7972795137733800e-02 
3.6344686264463036e-02 
-2.2122749858174019e-02 
3.9323813839275856e-02 
-1.5375734866855962e-02 
5.8260633607298828e-04 
-2.7905172323127517e-02 
-2.1503707840069410e-02 
-4.0372056055631635e-02 
-3.9092250433078929e-02 
1.6583694726250375e-02 
-1.9874583233479449e-02 
3.0219017331407083e-02 
4.6945905369536335e-02 
-2.4407426036746241e-02 
-2.2435590200875489e-06 
2.0077858853939537e-03 
-4.0472223806736277e-02 
-1.0986664842255845e-02 
-1.1766638958845466e-02 
-3.5944230564621225e-02 
-3.0548942452968565e-02 
-7.6721515614685100e-03 
3.1707753058508606e-02 
2.6006798943128264e-02 
-3.8651193307610132e-02 
4.7132584753589390e-02 
1.0098611487776132e-03 
3.3207285431774328e-02 
-4.7868064964115879e-02 
-2.1269447167891409e-02 
-4.7162415484303111e-05 
2.8911625458060697e-03 
4.4038113242036082e-02 
-1.8197190414906316e-02 
4.5756886249925834e-02 
4.2855453539935764e-02 
-2.1649842464283699e-03 
4.0326997421913306e-02 
-3.1814855385962473e-02 
-3.1754709207928632e-02 
-2.2243959236684232e-02 
3.5013455752203319e-02 
-1.5960525290830720e-02 
-1.8594942510538172e-03 
-4.7297455476386252e-02 
-1.4899149271235613e-02 
-3.0033057535240149e-02 
4.6202291273080513e-03 
6.7608496216538310e-03 
-3.2531379540204568e-02 
4.1653018514108603e-02 
3.6682899239283827e-02 
3.2661138688099445e-02 
1.0906219767626447e-02 
-3.3137974283906961e-02 
-3.0336439160244023e-02 
4.3952882083010639e-02 
1.0074222938642430e-02 
-2.6875830508295896e-03 
8.3200532069213073e-03 
-1.5685989097370723e-02 
-1.2797335919010423e-02 
2.0801592003828508e-02 
6.8348829751279762e-03 
4.8451287436398108e-02 
-4.8406372437915381e-02 
3.3283159008534402e-02 
3.9378365507133618e-02 
1.2759025994446305e-02 
3.0188159745702537e-02 
1.0312361983976115e-03 
1.6050658660924234e-02 
-4.5163046477772695e-02 
-4.2033203983656377e-02 
4.4732300231920742e-02 
-2.3785809551699656e-02 
2.3088057360144409e-02 
7.7164384991192164e-03 
-4.7870901214844726e-03 
-4.4273698427693436e-02 
8.2255895683337795e-03 
-4.8305246646985614e-02 
1.9854505128793457e-02 
-2.0109875590092630e-02 
-1.6633885158442562e-02 
-3.9126465042856667e-03 
-1.9810552018030836e-02 
-1.6652791340258689e-02 
3.2186754559966224e-02 
3.7198560027982740e-02 
-4.9908039476136069e-02 
3.2887893364356789e-02 
4.6739917946947200e-02 
-6.1199792709660146e-03 
-3.8186650045180993e-02 
-1.6917530453439380e-02 
3.0956673282004590e-02 
1.3108345393610511e-02 
3.9274062739588448e-03 
-4.8163795097074968e-02 
3.4359504777343654e-02 
-3.5552280584591138e-02 
-1.4476453687008796e-02 
1.2372778972116839e-02 
3.0907630476369699e-02 
7.1747007020613986e-03 
1.7977938968143704e-03 
3.7938838670283775e-02 
-8.9507484695058991e-03 
2.7381232024732430e-02 
1.1538087563058920e-02 
-8.2986382747673899e-03 
2.4819387752768721e-02 
2.0955933572302066e-02 
-1.1709088439322335e-02 
2.3471909018997063e-02 
-3.2437626668883501e-02 
-4.8266339972195031e-02 
-2.3024879226759765e-02 
1.5612299588501688e-02 
-8.4069333278452008e-03 
3.9223098475625696e-02 
-4.0630815064973291e-02 
-3.7965372448190482e-02 
-3.1776055937064188e-02 
2.3927200094453538e-02 
-9.4356250664330843e-03 
4.7748740725976825e-02 
7.4740679785865079e-03 
1.8728111317938445e-02 
3.3851525568825001e-02 
3.2123381324763181e-02 
7.7114310899915502e-03 
4.0577066111226537e-02 
-9.8523668756741126e-03 
2.9075743641665988e-03 
-1.9594931330160794e-02 
-1.9988784992829158e-02 
-1.3853075827183793e-02 
4.6639616393357057e-02 
4.3119390088194876e-02 
1.8040026481950390e-02 
-3.0864280694126501e-03 
-1.5444570775706636e-02 
9.2380802958847430e-03 
-3.1998122278194062e-02 
-2.1835894320588370e-02 
-4.6864933023109373e-02 
-3.1333906565674478e-03 
1.7485431817943996e-02 
3.9437079667097807e-02 
-1.1095865874620060e-02 
-2.7880224182409253e-02 
7.6547081037261714e-03 
4.0917671421256054e-02 
2.3352850922092761e-02 
3.4634328240869337e-02 
2.1899469746612912e-02 
5.9914860998279140e-03 
-2.7142741760652236e-03 
4.2575634312326032e-03 
-3.7537159860418494e-02 
-1.8052108361104159e-03 
-4.4362262454838791e-02 
-1.3770909807217402e-02 
-4.5769393984158330e-02 
2.5929296451983976e-02 
-1.7612230386375185e-02 
2.1093542832552326e-02 
-1.7180816541421517e-02 
-1.9514049955173720e-02 
4.3200723152998943e-02 
2.4520984340299468e-02 
2.7595996917578126e-02 
-1.6783272701371654e-02 
-3.4439215652720456e-02 
1.5553758869895785e-02 
-2.8051965273135793e-02 
-1.7533206574699957e-02 
4.9328468568152255e-02 
-1.0217048758179526e-02 
1.1322880547901537e-02 
-4.1599124413142535e-02 
4.9884894287089282e-02 
3.7550840757671344e-03 
7.5650960184624810e-03 
3.9083633971035980e-03 
-2.7015972860860927e-02 
1.7752819281322142e-02 
-2.8473929476074158e-02 
2.8642846289388402e-03 
4.6423726673088209e-02 
3.2412558431646914e-02 
-2.2175803339110248e-02 
2.6514007034679657e-03 
3.4727879956176821e-02 
1.5887539295089070e-02 
-1.0738921376834742e-02 
3.0825474453820223e-02 
-2.3842683997694160e-02 
2.5715040168183090e-02 
-4.1742434204938242e-02 
2.3093841331398170e-02 
-2.6550001662143843e-02 
3.1133802320850903e-02 
2.1250182693386879e-02 
4.0888653631346507e-02 
-7.6209380663006983e-03 
-1.8336324329465303e-02 
-4.6593114590322785e-03 
7.4271158128812135e-03 
-1.4444278143133649e-02 
-1.4761763017268437e-02 
-1.7901675409320195e-02 
-1.3578671051408364e-02 
-4.4517411310940141e-02 
2.9106507757397718e-02 
-2.0928170271054480e-02 
2.6376942300620345e-02 
3.8060375220269449e-02 
-1.0730394068563465e-02 
4.9862303034103996e-03 
4.1274506351132167e-03 
-1.6194475190565195e-02 
-2.7028551480366016e-02 
1.4978198655889497e-02 
-1.6200959835913454e-02 
8.3841410030203508e-03 
-3.4192915269130895e-02 
-3.3291681907521575e-02 
2.4355900777085271e-02 
-1.1346073681287528e-02 
-8.2249164527227088e-03 
-4.0739337124409691e-03 
-3.6994103235800734e-02 
2.3522097352437002e-02 
1.8192592451894085e-02 
3.8078545894580887e-02 
-4.3982947034492063e-02 
-1.4555187497252355e-02 
2.0536775051112179e-03 
-1.3931696104010838e-02 
-4.4716110526762829e-03 
-1.4731148029312769e-02 
-4.3885933999639028e-03 
-2.2104662057981141e-02 
-2.2495305777102126e-03 
-4.9370462412085203e-02 
2.8132336760036614e-02 
3.9420172674977189e-02 
3.9030253547680582e-02 
4.3640862902489433e-02 
9.5420004142374171e-03 
5.1627087933504680e-03 
1.3418382316182876e-02 
-2.6350464084881342e-02 
-1.2789637961416878e-02 
-2.7198038555424509e-02 
-4.3285357027881957e-02 
-4.7274085400301383e-02 
3.0797165057222509e-02 
3.6112579717084474e-02 
-1.9626633708299479e-02 
4.0617997322513449e-02 
-2.5404403859335734e-03 
-3.0344218392863390e-03 
-3.6113981139333243e-02 
1.5146666447898084e-03 
1.0654363878473362e-02 
-1.7143113967402600e-02 
-2.4125794345420649e-02 
-2.0052467390386797e-03 
1.5228732872247486e-02 
3.5000274616831695e-02 
-8.6092067231461900e-03 
2.3785468227219265e-02 
4.5554590772176155e-02 
-2.5493326723117916e-02 
2.5721464217903812e-02 
5.7597686998056676e-03 
-1.8779608512010715e-02 
1.4077178959813941e-02 
-2.3634007430120174e-02 
1.0529252472123685e-02 
-1.8341586696797842e-02 
-2.0404743033426598e-02 
5.7694586616629188e-03 
4.8042237644668133e-02 
1.6914211978592896e-02 
7.5690503166862544e-03 
2.2972957656793469e-02 
3.0294620190454424e-02 
-3.2172118496130990e-02 
7.0078590616733608e-03 
-3.8777095425635379e-02 
1.0881700453883670e-02 
-2.6911438738829563e-02 
1.0320848298638342e-02 
-3.0851409588734516e-02 
-2.5507709900708355e-02 
1.2260445516489716e-02 
2.8398108403860568e-02 
-2.9040721796691340e-02 
-4.4930391184979691e-02 
1.7243456592479479e-02 
-1.7126437045173980e-02 
6.1355017413044395e-03 
-3.3350059558897527e-02 
-2.6885425242961492e-02 
3.3274645450527829e-02 
-3.6198047870207216e-02 
-4.8987215363150399e-02 
-1.4423456505704424e-03 
-3.8428102312695535e-02 
-8.8026055308497494e-03 
3.4524765134395528e-02 
3.0013717714254796e-02 
9.3045162861093208e-03 
-2.4870571821569144e-02 
-3.2558381578615563e-02 
-2.8996302994453084e-02 
1.8147575460100786e-02 
-3.4064127370726396e-03 
4.1004932122941901e-02 
3.8829425580679658e-02 
3.6370745106170131e-02 
-1.7865230480018823e-02 
4.8229809103393921e-04 
3.1028959398241986e-02 
4.9941750097791675e-04 
3.5239177802331136e-02 
4.4502585309381185e-02 
-3.5071267428900745e-02 
-6.0559527354884790e-03 
-4.2960886675666325e-02 
-1.9666720055522759e-02 
-8.2790965175840066e-03 
-3.1539721147742117e-02 
-3.7901390459717778e-02 
-4.8891161607958915e-02 
4.9947762464305524e-02 
-3.6543859101302457e-02 
-1.1256646948399875e-02 
-4.8995020570883091e-02 
-2.7680069338442363e-03 
2.0476614789781246e-03 
-3.0134760552195231e-02 
2.7215706429395817e-02 
1.9057088036102956e-04 
-4.0085248853200486e-02 
-7.4661219130187639e-03 
-3.4517818505403662e-02 
-2.3864029199540185e-02 
-8.5987035826475822e-03 
2.5326547401402513e-02 
-1.6641621731946801e-02 
4.1651718639737739e-02 
-1.2595978517158324e-02 
-1.6094455794734230e-02 
-2.2975185531722109e-02 
-3.9075211632532227e-02 
-4.8230322288360640e-02 
-2.6902908533589620e-02 
-8.1446487875397773e-03 
-4.2831306231418800e-02 
-8.0090365758441646e-03 
4.8301706166273876e-02 
3.7914042890144189e-02 
-3.6271071869966968e-02 
1.5703488787897513e-03 
-3.4485567457626320e-02 
2.9059491597906530e-02 
-5.2291341538775018e-03 
-1.2988338506442121e-02 
4.6800898423743312e-02 
-1.1471341911714051e-02 
1.3758853772694736e-02 
4.5046742095793881e-02 
1.0430010822678249e-03 
3.0748960393792525e-02 
3.7691625245405480e-02 
2.9450582909232016e-02 
3.5348508938511013e-02 
3.1092782552738618e-02 
4.5734758908885668e-02 
-1.3519791685988203e-02 
2.1813314411957010e-02 
-3.8596678045340394e-03 
-1.9516303944433201e-02 
8.8398651741050671e-05 
-3.5801055751113254e-03 
5.4816834703957712e-03 
3.7606772240192987e-02 
9.6427065319818492e-04 
-3.5299815534081624e-02 
-3.7392740586173333e-02 
2.2970566770730241e-02 
2.9153864124868624e-02 
-6.4979570738201153e-03 
-1.4031182516275810e-02 
8.2971048357114007e-03 
2.9402448446775666e-02 
-4.4793312129316865e-02 
4.1792879290227417e-02 
3.9429057341827861e-02 
3.5795887809600184e-02 
3.3353955912357923e-02 
-1.2095864393530831e-02 
-7.3709764841198185e-03 
4.4792210971413039e-02 
-4.3120138460824964e-02 
-2.2866168167827119e-02 
-2.3784165379759015e-02 
4.3659549930718182e-02 
-3.6044056303823194e-02 
-4.3440511896121338e-02 
-4.8439831224097167e-02 
-3.5893881668386619e-02 
-2.8555898926503055e-02 
-1.3377418587574908e-03 
3.2239753949413495e-02 
1.0141050326415692e-02 
3.6606874901202881e-02 
4.6911045125504848e-02 
-4.3914170606954794e-02 
1.9869393541360782e-02 
2.0446616552464360e-02 
1.6706371816382470e-02 
3.2931812971147556e-03 
-1.4819840646615713e-02 
4.7477181850696375e-02 
-3.4220661241933452e-02 
-5.9032544988695040e-03 
-3.5409994927344313e-02 
1.5212080567273890e-02 
5.3973351944897165e-03 
4.4576051555887043e-02 
3.2289246621089084e-02 
-1.6280806196097442e-02 
1.6917100479669545e-02 
-3.9848613783429958e-02 
3.8184480155328937e-02 
-4.8841792878498061e-02 
-3.9982099037929155e-03 
-2.0691741932276277e-02 
-4.9949162009770467e-02 
2.1215065518486276e-02 
8.5477461106891594e-03 
3.5160058374862691e-03 
-2.6395707849195663e-02 
-3.1820403890767082e-02 
3.9977845980450843e-02 
3.2188304611323361e-02 
1.4036508651791969e-02 
4.4329531093170886e-02 
-2.1885673661279251e-03 
1.6415102532307546e-02 
3.2433097032433925e-02 
2.9105332600686463e-02 
-4.0515355900446408e-02 
-1.7539117733624689e-02 
3.1531800096002652e-03 
-4.1213247423962290e-02 
3.9598842522062153e-02 
-2.4554607370171733e-02 
-2.3626745559663855e-02 
-6.1861425281637406e-03 
3.1580590248447352e-02 
-9.7211350337854888e-03 
2.0006300991021110e-02 
3.6587706717131761e-02 
2.8739846664115710e-02 
-3.9494167544081443e-02 
4.2854718721295551e-02 
2.5751344106328056e-02 
4.4624560779128623e-02 
5.8277942935576095e-03 
4.8671679953274753e-02 
-3.9719135097357208e-02 
3.0334180863236804e-02 
4.0662948324490703e-02 
1.9263310041207994e-02 
4.3942333156258510e-03 
3.9833060637524488e-02 
-4.9538972765509171e-02 
1.6790716654750095e-02 
2.0265318411207836e-02 
4.3795477868036739e-02 
2.0175602811223617e-02 
4.5364873510181924e-02 
-5.4281424577029558e-04 
-2.6142588669011337e-02 
-1.3106999921359353e-02 
4.1010834922390826e-02 
4.1913757686968638e-02 
-2.7724053654894321e-02 
-4.0513474422357088e-02 
-3.3771951767000209e-03 
3.9084578795754145e-02 
-3.2580885785559836e-02 
1.6190228119782813e-02 
2.0602694697351598e-02 
-2.4631342770367937e-02 
4.8966338165660366e-02 
4.5155266074677791e-02 
-1.6791612157362367e-02 
-1.0346798383076949e-02 
-2.6102465795561193e-03 
-2.2970944822322772e-02 
-2.0725348531542155e-02 
-2.8137705179927721e-02 
2.1202302438582878e-02 
-1.9253198638651881e-02 
-5.6669834964012573e-03 
1.0347920741840745e-02 
4.3840933294603535e-02 
-2.8017553149117358e-02 
1.6241613594795489e-02 
-1.0786590726294577e-02 
-2.4125404950221797e-02 
3.9518675802650040e-02 
3.7211162021700488e-02 
-4.9540107015197954e-03 
1.4770591415040669e-03 
-3.9047567918443826e-02 
-2.9896027881287937e-02 
-2.3434108369596973e-02 
4.4866811388762896e-02 
4.2711470090102392e-02 
4.1147254032527961e-02 
-2.9835086411395241e-02 
-4.4300813957070279e-02 
-1.8371557240835813e-02 
3.6791704428643726e-02 
-2.2272453965676588e-02 
3.8964651935765142e-02 
3.8250714784816710e-02 
-1.4071792296592556e-02 
1.7118578524319729e-02 
-1.5381202259577365e-02 
-2.4913146310351908e-02 
-8.3185731454876177e-03 
-2.4003232798777765e-02 
2.6517308525209574e-02 
-2.3495754169605223e-02 
-4.7059852508661452e-02 
-3.6693029175191592e-02 
4.1376547013650372e-02 
1.3356338368080112e-02 
1.3080119566998184e-02 
-1.8502847266160926e-02 
-9.7941635383889114e-03 
-2.8936394364190543e-02 
1.3234708156212305e-02 
2.9397214049480536e-02 
4.1333345260446776e-02 
-2.7193391709910732e-02 
2.9432547853524019e-02 
1.1172836895219829e-02 
-5.1778531957227484e-03 
2.7104674797690000e-02 
-1.4194062039918732e-02 
1.5519627601819576e-03 
3.4815447488373341e-02 
-2.8193196658800192e-02 
3.9939367763757852e-02 
2.0593366624137157e-02 
2.6262698029442078e-02 
-3.0872257027928398e-03 
4.0850126866058781e-02 
9.4684580119408727e-03 
3.9515375288424352e-02 
3.8771603784397340e-02 
-2.8442789074391274e-02 
2.0842968209306912e-02 
-1.0353343875088683e-02 
-4.6442266721590131e-02 
6.7515006029639007e-03 
-1.9475219461794015e-02 
-2.5809927528945412e-02 
6.7357673852899485e-03 
-1.5549803980353738e-02 
3.9024494927694844e-02 
-4.3375984838533249e-02 
3.1253919357831353e-02 
2.3382116109236118e-02 
-2.9783026021159710e-02 
1.2396224566076364e-03 
-2.6895826405886916e-02 
1.0399325478212484e-02 
2.2706120587630940e-02 
4.6276536592967203e-02 
-1.7329491410865316e-02 
7.0435540748146957e-03 
4.8260765095264448e-03 
-1.0985716929021606e-02 
4.4059670314172288e-02 
1.8418856166113395e-02 
-2.7272213086293476e-02 
-1.9643298900609486e-02 
3.7466781889082000e-02 
3.6984854961057648e-02 
4.0764766128079846e-02 
4.9217970643066516e-02 
7.6890614835833484e-03 
-1.5557317493791434e-02 
-2.2292252469202436e-02 
-3.1209293582438735e-03 
3.9118206172695458e-02 
-1.3176637352848887e-02 
3.7350013467069711e-02 
3.6569669568642542e-02 
4.0140590728900229e-02 
3.5797275156807161e-02 
3.3174870150847226e-02 
3.0375107774304466e-02 
1.8252022485056463e-02 
1.8357100085370903e-02 
2.8243669057717937e-02 
2.4895815398426391e-02 
-3.9292240528597699e-02 
-2.0322322455629108e-02 
-5.5737942719386591e-03 
3.1556633224234680e-02 
2.8796915746767928e-02 
4.2265319188732324e-02 
-4.1380041077956786e-02 
-2.0671521769693058e-02 
-5.7788966754876219e-03 
1.8657101006340871e-02 
3.3379643709784933e-02 
-1.2249725927989520e-02 
-4.8793473495249540e-02 
3.2956797694311667e-02 
2.4220774942798697e-02 
1.0320068136685635e-02 
4.2600523042306208e-02 
-1.8409606696200898e-02 
9.7611667303838089e-03 
-4.8283520139395103e-02 
9.7816014777515337e-03 
-1.2067194719957841e-02 
3.4563019452072762e-02 
1.1865479555552805e-02 
3.3886602815063914e-02 
-2.5811243132741857e-02 
-3.7111112191538918e-02 
1.4922325511410740e-02 
-1.8553570874753723e-02 
2.0585136623215039e-02 
-3.0629303856885559e-03 
-3.3242338628518386e-02 
-9.7490191872579360e-03 
1.6468866929475391e-02 
2.0077497666689339e-02 
4.7407458430675960e-03 
7.7354346779537567e-03 
1.4039368202776438e-02 
-5.8319199869297129e-03 
-2.4254536570193910e-02 
7.5665216374309341e-03 
7.0644211423794958e-03 
3.7512724128018718e-02 
4.7556598394962603e-02 
2.0981473486927284e-02 
1.8247941710077365e-02 
-1.5369013396647514e-02 
-4.5693592407068412e-02 
-4.3573087278488049e-02 
4.2113666145633171e-03 
2.5952160316791539e-02 
-2.6389794428647830e-02 
-2.5932738313109629e-02 
-2.4064806497861427e-02 
-2.4368834148732602e-02 
3.9407958326723475e-02 
-1.8156043047031566e-02 
3.6739421406280838e-03 
2.8783679474506565e-02 
4.0148126231189164e-02 
-3.2357447392783859e-02 
3.2499026261792040e-02 
3.3643009021500685e-02 
-1.6598721641111060e-02 
-3.9438937535424282e-02 
-1.6558208351270421e-03 
-2.0270230695047534e-02 
3.4640962338059980e-02 
-4.5345706988624772e-02 
-4.0884081241476470e-03 
-1.7973389821046692e-02 
4.6343698195154714e-02 
-3.0920385129379335e-02 
-2.4861887177619713e-02 
3.7981298201291938e-02 
-2.5045164762608763e-03 
1.7416637123675083e-02 
-4.6449439903068490e-03 
1.0111924761680102e-02 
8.4906613386953374e-03 
3.1926223974520565e-02 
2.4461325951194924e-02 
4.7946422534181549e-02 
-4.2367561262040720e-02 
-1.5369988900825294e-02 
-4.3261357204856410e-02 
3.3648763147247442e-02 
-4.2109725589219750e-02 
-2.9465788538875316e-02 
-7.7394196706648717e-03 
5.9964404239746362e-03 
2.4238626328756230e-02 
-2.5194639386745002e-02 
2.7133051789449858e-02 
4.3581291260810145e-02 
-2.6732951077657441e-02 
-1.7120218535653552e-02 
-2.1521251478584014e-02 
-1.4206082843385226e-02 
8.0951706375116950e-03 
1.0923791779582548e-02 
-3.1614010287532267e-02 
1.8257213634415039e-02 
-3.1453977290065126e-02 
-2.8907351493895828e-02 
-3.5226389034384568e-02 
-5.6366175717561531e-04 
-1.3566138886137691e-02 
-4.5089441537813524e-02 
5.6035844981189636e-03 
4.3998118022052404e-02 
-3.6674989699931874e-02 
-1.3118873426901123e-02 
1.4492634812115102e-02 
-4.9700327160664776e-02 
2.7582850101687286e-02 
-1.5245107296861495e-02 
-1.0499064190825936e-02 
1.1275456851686506e-02 
3.5781284070949597e-02 
4.7486501428979692e-02 
7.8887746234758693e-03 
3.1589971057248881e-02 
-2.2577526746945312e-02 
1.2963731348480190e-02 
-3.4156008746820614e-02 
-2.3422969119331317e-02 
-7.1025872824378895e-03 
3.2314494237469731e-02 
-4.5738402259572333e-02 
2.3467796380707995e-02 
-4.2458089523960102e-02 
2.7622959530295900e-02 
1.2643619235735504e-02 
4.1249965042341435e-02 
-1.4011654824671505e-02 
3.1938311224689167e-02 
4.5494889252642584e-02 
-2.2317347918309527e-02 
1.5256235441820988e-02 
-1.6061682450290382e-02 
1.1613139892802861e-02 
-1.2734650244346703e-02 
4.7835018536969358e-02 
-4.1056998852302851e-02 
-3.0055865627881109e-02 
-2.4584748434272122e-02 
-3.1311281361076075e-02 
1.1669368137447079e-02 
-1.1727923231644921e-02 
-7.5494859702813890e-03 
-3.0051704765015619e-03 
2.2493024417806498e-02 
2.5137104033802961e-02 
4.8361229548027247e-03 
2.7228717397345240e-02 
-3.0444958361307006e-02 
-4.8610424189597018e-02 
4.7000804973061007e-02 
-3.5664190667237697e-03 
4.1292278009910768e-02 
-3.0209144055580395e-02 
-4.8914490970034002e-02 
4.3305374160224987e-02 
-4.3939836188453485e-02 
4.8182246636330431e-02 
-1.8383861374635536e-02 
-2.8373648008321862e-02 
-3.4137567882728259e-03 
-3.8535945093114178e-02 
-3.9900489890614010e-02 
-1.2593762608049586e-02 
3.6213100758744177e-02 
2.8219840628787542e-02 
3.1785892410956633e-02 
4.5818013602704571e-02 
3.9305834144979304e-02 
-1.1644348508568514e-02 
-4.3966101016106679e-02 
1.4554426903267116e-02 
8.9370909940486021e-03 
-4.8434941698445158e-02 
-4.4557918903526263e-02 
-1.7664467843353914e-02 
-4.8830226231328627e-02 
-2.6683138721659429e-02 
1.6330073560852389e-02 
-1.6238186039948123e-02 
2.5583471320972075e-02 
2.0449274916840322e-02 
-1.8017837123050207e-02 
-2.7846830418797874e-03 
8.8406486592465423e-03 
-1.0263821803639717e-02 
-2.5052005592373562e-02 
-8.3533174261958606e-03 
-5.1792514935967487e-03 
-8.3570618757714439e-03 
-1.1819919958475202e-03 
4.1740727300130065e-02 
-2.1957013485948973e-02 
-4.9615611129686946e-02 
1.4546569504307817e-02 
-4.7125881518340573e-02 
1.5355123869964038e-02 
-3.8654386176030633e-02 
4.5305135008092195e-03 
8.6572710979184730e-03 
2.8226793164269959e-02 
3.7434541263737374e-02 
1.9108540643318475e-02 
-2.2610443166483186e-02 
-2.8287207297912322e-02 
-1.9378761498689723e-02 
4.9019774773693792e-02 
-3.4321333801050957e-02 
-4.2233199779627577e-02 
-2.7095422067392450e-02 
4.5734014406495133e-02 
1.2181386294978114e-02 
-2.0433962448336764e-02 
-2.2951304550464693e-02 
2.7572292933548560e-02 
2.3094526822663497e-02 
-1.7303116500411896e-02 
2.2507802273138756e-03 
-1.2371641266744249e-02 
2.6355506735908963e-02 
3.2287624550168349e-02 
-3.2964338569758458e-02 
-2.6692166793526484e-02 
-4.3447827311826961e-02 
3.9211109491563645e-02 
3.1777249439894427e-02 
4.0090471757754154e-02 
1.0236198076553071e-03 
3.0675466953112952e-02 
-3.9589157379256827e-02 
4.0091035031818545e-02 
4.5583442823733888e-02 
-5.7295155804761855e-03 
-2.7249506718762407e-02 
1.8805994250373118e-02 
3.2101752068566490e-02 
1.6104432175228178e-02 
2.8985436295644797e-02 
-1.0152519765250223e-03 
-4.0636432326521477e-02 
-1.2892393865231789e-02 
3.9846611118768784e-02 
1.0914524727364538e-02 
4.4538338477634248e-02 
-1.2829132032152746e-04 
6.8278828115752813e-03 
-4.9756034951218914e-02 
-3.1160258099532292e-02 
1.4348330101982333e-03 
-3.9444775556739323e-02 
3.6245340523293527e-02 
1.0999508555471460e-02 
-4.2735622499812491e-02 
-4.1749383241611697e-02 
-2.1357401159431577e-02 
-1.1833738362194002e-02 
1.5671210975865459e-02 
-4.3602732668976976e-02 
3.7522595933950742e-02 
-2.3058536150570710e-02 
-1.4647743242581380e-02 
-3.3315198566929508e-02 
1.0171777178122454e-02 
-2.4982220936063594e-02 
-3.3522051047813049e-02 
1.7753960263774061e-02 
-5.2261616858354960e-03 
-4.7912913243389213e-02 
-4.9308533018302741e-03 
1.6957639039339722e-02 
-1.1947155517777986e-02 
1.3936342899779731e-02 
-2.5650954350194433e-02 
8.6099251309810342e-03 
7.6548956150622742e-04 
-1.9474323313261013e-02 
-4.7273388507978409e-02 
1.7224503950659321e-02 
-3.3780318307857563e-02 
-2.3907222727352809e-02 
-4.5417445637954315e-02 
4.6807737049602165e-02 
1.4313101381745796e-02 
-1.6265383428721449e-02 
2.1849844085150939e-02 
2.6961693268253629e-02 
-2.1112855118032514e-02 
-1.2457291699330852e-02 
-9.0608652919635935e-03 
-1.6043796631260189e-02 
4.5244532688613393e-02 
1.5121519148994112e-02 
4.8659419644256803e-03 
2.5909500287988930e-02 
-2.1504501329617655e-02 
-3.5618229200628793e-02 
2.1849230488144668e-02 
-2.3105082972374149e-02 
3.6223710748048366e-02 
-3.3672278174971752e-02 
3.6139828425763999e-02 
-8.8209385389493630e-03 
1.3384319954506219e-02 
-3.0675954466110569e-02 
-3.7807857761559263e-04 
1.0405661276645772e-03 
-3.7704872338504392e-02 
1.4685818706104449e-02 
5.0556443428251725e-03 
-4.6353028684342691e-02 
4.5770220208545723e-02 
-4.7295833414063473e-02 
3.1079315687762399e-02 
-1.6712030004007495e-02 
-8.6439614678917916e-03 
-1.7511241640511533e-02 
1.3897795080533916e-02 
-1.2027842707108549e-02 
-3.1115088510028522e-02 
4.8074252258585859e-02 
4.1612649171710016e-02 
-4.7480166718489036e-02 
-1.5134953241535333e-02 
2.6876218383564777e-02 
9.6508856875410116e-03 
3.7797948174787044e-02 
2.3156117860271688e-02 
2.4215382988739532e-02 
1.6833476125737070e-02 
3.4776598713705358e-02 
1.5199234028388653e-02 
3.7834154569227389e-02 
-3.8415305774966019e-02 
4.0572160993585397e-02 
-4.3004062610748905e-02 
1.0098003096544451e-02 
4.5259853797084929e-02 
1.5762649683926024e-02 
-2.3596615888016415e-02 
-2.9468215733380522e-02 
-4.4905898244671505e-03 
-1.8622346298404091e-02 
-3.9363269593360166e-02 
4.4520821008026762e-02 
1.9633862028298411e-02 
4.5380844366845224e-02 
3.0452323636620163e-02 
-2.2016580251652564e-02 
-2.2175327349929677e-02 
-3.7779907115152722e-02 
-8.2432964487410328e-03 
4.2931566461335002e-02 
-4.2274457018909223e-02 
-3.0037209235110707e-02 
2.1405314357963681e-02 
-4.3663232841361869e-03 
-4.8477623697060983e-02 
-2.1567806712662153e-02 
-3.3896959733000019e-02 
6.6739438992051703e-03 
2.9375284393459268e-03 
-6.0713411044556083e-03 
2.3090845646900251e-02 
-2.4901846764194616e-02 
-3.8877734604886305e-04 
-1.4680966627278047e-02 
1.9225441796905929e-02 
3.6127536392185543e-02 
2.4427066202437064e-03 
1.3754071918125400e-02 
-2.8811342839854728e-02 
-2.8029582084410965e-02 
-1.6851221425354491e-02 
3.6649614033868773e-02 
4.7844411279650306e-02 
-5.9840705872509677e-03 
1.9918098193051095e-02 
-4.3940971387345831e-02 
-4.8090363604685910e-02 
2.1337961110574066e-02 
-3.0082028695153463e-02 
-3.9611135143260381e-02 
-9.7526576817829613e-03 
-3.8401673572381979e-02 
-4.4373154119579143e-02 
-4.9158087419902685e-03 
-2.2838682459435669e-02 
-7.6758297858009810e-03 
4.7414252891686041e-02 
5.3469021715185638e-03 
-1.4630195735065556e-02 
-2.1202952672418232e-03 
1.2768733922048792e-02 
-4.3713466634156234e-02 
-3.2953282452651493e-02 
-3.4908547995445516e-02 
1.2746576010046052e-02 
-9.3184575218490332e-03 
-3.7255256464755859e-02 
-4.3350160850710528e-02 
-1.6846427436137557e-02 
2.9322354206489501e-02 
-1.5385059206258812e-02 
4.2794844877935015e-02 
9.3273084910636250e-03 
-1.6693153320749866e-02 
-4.3372565954592969e-02 
-3.1095003223826512e-02 
1.5451728165009615e-03 
-2.5674921006551221e-02 
8.2952546257233032e-03 
-4.7178599298929404e-02 
-4.8797470123083199e-02 
-3.6414752903120275e-02 
1.1111622408757149e-02 
4.5258171960888220e-03 
2.5331280236192077e-02 
-2.8442309302417715e-02 
-3.8283760558305249e-02 
-4.1371168129301819e-02 
-5.8284923622275000e-03 
-9.8868102746205392e-03 
3.5112327966245097e-02 
-3.9971348453573856e-02 
4.9606419347884463e-03 
2.9432766053603655e-02 
-3.9965099050908087e-02 
-2.6258553937322696e-02 
-3.8248630740029800e-02 
2.1504978197517878e-02 
-1.7322598645225774e-02 
-1.6427990441805075e-02 
3.7718500610047417e-02 
9.2681576943187127e-03 
2.2471304868430998e-02 
-2.1666974063914171e-02 
2.1661561837106370e-02 
-3.9619885684949542e-02 
-3.2657889231356020e-02 
1.0997348718600232e-02 
2.0970570358134211e-04 
-1.9480519267249388e-02 
-3.3436900109993777e-02 
-1.0962968967573240e-02 
-7.4737160856408026e-03 
1.7395782907720869e-02 
4.3575399148253037e-03 
-2.1379558323313452e-02 
-3.8440504527599499e-02 
-2.2085567081693149e-02 
4.8138722527361393e-02 
-1.7477646712828577e-02 
6.1491175763487178e-03 
6.2179820833729972e-03 
3.8296318049434223e-02 
-3.1468168951858222e-02 
1.7514456136949099e-02 
2.5377188576535859e-02 
1.5728677887672050e-02 
1.2430785999041172e-02 
-4.6553793082958926e-03 
-6.1920154265976751e-03 
1.0417777137599905e-02 
1.0186912046866415e-02 
-1.5367219211572360e-03 
-1.5753054209591100e-02 
-4.5091519826495924e-02 
-2.2234851432749794e-02 
9.9920254637662423e-03 
-3.3187133932980999e-02 
3.6566165827129182e-02 
4.3953322806017159e-02 
4.1575294768534048e-02 
3.3610168167029178e-02 
1.7578007970595100e-02 
1.9827322279535299e-02 
4.8831900886966040e-02 
-3.9905093849625260e-03 
4.0462730737217845e-02 
3.5348514355776850e-02 
-1.3114120701495502e-02 
-3.5932041142878533e-02 
-4.7422163123871333e-02 
-7.0838427472183496e-03 
-4.9685021457494864e-02 
-5.3541573495532570e-03 
-1.5458454840325819e-03 
1.6931793400973293e-02 
6.9998201606603638e-03 
8.1937463962552528e-04 
4.2896291608704729e-02 
-3.8773921553271612e-02 
4.3536640894913159e-02 
6.3815044268551672e-03 
-3.2662950661889179e-02 
1.0546531576696650e-02 
-1.1347488170526200e-02 
-3.1864073508220916e-02 
-3.8623503906260653e-02 
-4.3111162748722065e-02 
3.0921535199087781e-02 
2.4141774858122769e-02 
-3.9786568484029922e-02 
-9.3361860386108938e-03 
-3.8400818468479206e-04 
-1.1280958883555915e-02 
-3.1942224223187592e-02 
-3.1889169492925751e-03 
2.9792490345156842e-02 
4.6106534319478093e-03 
7.2089080179829181e-03 
-4.6605274961199906e-02 
-1.2005505413347373e-02 
-1.9538995191800357e-02 
-2.2016461201797944e-02 
1.5310480971238639e-02 
-1.6990420525310190e-03 
-5.6694632012101905e-03 
3.4350478088595551e-02 
-6.2056045561774799e-03 
-1.9480328910845626e-02 
7.3544464289762579e-03 
-3.3627042067631410e-02 
-2.3138706616193307e-02 
1.3996895791422838e-02 
4.5787628146601424e-03 
1.1361010140782769e-02 
-2.7555464225053550e-02 
-2.3427110568593937e-02 
6.9722154925844441e-03 
-1.9375257413391345e-02 
-4.4521348716846036e-02 
-2.8423259823174087e-02 
-2.0557185813106883e-02 
3.9066576047565429e-02 
1.1006934284351500e-02 
-9.0904730405336424e-03 
4.0619952033674632e-03 
4.4966001326104593e-02 
2.7131241597977918e-02 
-3.3418906105689948e-02 
4.8435530730347301e-02 
-3.6371086505586570e-02 
4.2193094696756576e-02 
-1.6904259008155544e-02 
-2.1132428110237636e-05 
2.8200620124984643e-02 
-7.1615725404089118e-03 
3.7781084907658025e-02 
-1.7116623298865298e-02 
-9.9585548122813842e-03 
4.4402384261220951e-02 
4.4365698145664323e-02 
3.4749936299752975e-02 
4.8037893323441598e-02 
6.4824454303048177e-03 
-3.3222147528281766e-02 
-1.1739017145408426e-02 
-2.0129415310741971e-03 
-3.6386822293361064e-02 
4.0230208183855691e-02 
-4.0805220318676921e-02 
3.9198330586324104e-02 
-1.6996758096944897e-03 
3.5684397791642390e-02 
-5.9370572403003924e-03 
4.9542037605267653e-02 
-2.6668199862148745e-02 
-3.4870922645828244e-02 
-4.1682127025373807e-02 
-4.8696827478365817e-02 
-5.1331017988225374e-04 
2.2857837558248495e-02 
3.9924948807876441e-02 
-7.8488308295365794e-04 
-8.5609125701878400e-03 
-2.6288709591074089e-02 
4.1703735088945620e-02 
-1.6159619308271422e-02 
-1.6979014706213103e-03 
3.2895198247455286e-02 
-4.3855786433184246e-02 
-9.0483177142571709e-03 
5.9365319239159890e-03 
-4.4191893031128297e-02 
-1.5591382025714130e-02 
4.8054290739614203e-03 
-3.3969742071966902e-02 
-3.2623502474346312e-03 
-5.3887065791275003e-03 
-1.8006553008336069e-02 
1.3281009468263261e-02 
2.6070939380645464e-02 
-7.8923492459093587e-03 
-3.6688705467250782e-02 
9.3223239784774436e-03 
3.8738485897495324e-02 
5.6154163273042686e-03 
1.9981559878610000e-02 
9.8613146185507206e-03 
-3.3336356345313435e-02 
9.6371337226392913e-03 
1.0982406186939343e-02 
1.3955110662105542e-02 
3.5974464073055566e-02 
2.3986980588755993e-02 
4.1318489913416634e-02 
7.0602662914194710e-03 
2.4271721523014014e-02 
2.0244461584888164e-02 
7.5141588295374213e-03 
3.8079274057871294e-02 
4.9330761995408645e-04 
-2.0640722753756047e-02 
2.5642662731904922e-02 
-2.8507008193400608e-02 
4.2591042313907312e-02 
1.0611657301830335e-02 
4.9660587703569264e-02 
2.7932310806697603e-02 
4.9869943129940392e-02 
3.1082032900526482e-02 
3.5751594517902850e-02 
2.3192400087662404e-02 
3.2510793466421717e-02 
3.6135102840740473e-02 
-9.8885610367865032e-03 
-4.0105790568272563e-02 
-4.3937976588423827e-02 
2.7881554406092215e-02 
1.7328624603586197e-03 
1.2398888407524546e-02 
-2.3780036965869501e-03 
2.3512740645141018e-02 
4.3164277952917086e-02 
6.3672922519897313e-03 
3.2614696263499901e-02 
4.7389289184509513e-02 
-4.5467827408044947e-02 
6.9403480140582735e-03 
-4.6155857310366324e-02 
-2.6241448400299294e-02 
4.9265133889715311e-02 
-1.8003864046013875e-02 
-2.0595075424888344e-02 
-1.4512878660738249e-02 
-5.2309844507729911e-03 
2.8189127021672002e-02 
-2.7236621361304260e-02 
2.7197167639954979e-02 
1.2913528102659479e-02 
-3.9092882102569497e-02 
-3.5637690772826074e-02 
9.7566450186555853e-03 
1.8198088250326493e-02 
-1.0863543063498959e-02 
-4.1019522669448173e-02 
-4.0909818780088231e-02 
-9.1594408907437874e-03 
1.6742859266444889e-02 
-3.5306362920991922e-02 
5.7602106958834949e-03 
-4.0435547821794371e-02 
4.6682059404787257e-02 
-3.2426482500132582e-03 
-2.1649734650438179e-02 
3.2069815617821067e-02 
1.6346707419893747e-02 
3.1228705142473268e-02 
1.7807281681707622e-02 
9.6143288769793278e-03 
-4.8566299856963591e-03 
4.5126140721773338e-02 
-5.2732133178942549e-03 
2.2518859516249934e-02 
2.5849825826588780e-02 
2.5685482059344945e-02 
3.4584055082992560e-02 
-4.5641636100802407e-02 
-4.3566137551660014e-02 
-3.1871443720824379e-02 
-2.2826184782283411e-02 
3.2418827172447033e-02 
1.3962902295754642e-02 
3.1121002735839499e-02 
4.9880160315995660e-02 
1.8358048626745695e-02 
-1.9961698639705552e-02 
-1.2525518017904047e-02 
-4.3062175343851596e-03 
6.0962796612330844e-03 
2.1257273251745736e-02 
-1.6591067466902311e-04 
-2.6154618566964685e-02 
-2.6240804878871406e-02 
-7.6055901496557060e-03 
-2.4766283764171639e-02 
-1.4553450598132157e-02 
3.7678048167549383e-02 
-4.3978600927666592e-04 
1.5273868727836638e-02 
4.0785231519489568e-02 
3.5215053196748128e-02 
3.0183029893359827e-02 
-1.7227023745742864e-02 
6.8488817098109169e-03 
-1.9440390968455436e-02 
2.4321543672985214e-02 
4.9024135011484053e-02 
-3.2283071060888683e-03 
2.2060803474703541e-02 
-4.4623015351992673e-02 
-4.0644326651000220e-02 
1.0731542402588846e-02 
4.7514476615512793e-02 
-1.7143679657245982e-02 
-3.3717063537705448e-02 
-4.7149963831126344e-02 
4.4306711456475203e-02 
4.9676187266546991e-03 
-8.2470301736287110e-03 
-1.8663781449630323e-02 
-2.1943275259599816e-02 
-1.5004075192539081e-02 
-2.2691455091265203e-02 
1.2615233416001837e-02 
-8.1582083212865756e-03 
3.8388148722059971e-02 
4.4234563878512781e-02 
-4.7976522397598656e-02 
2.1517627313938227e-02 
-9.4974298809596298e-03 
-4.6216103101125984e-02 
3.1422173659142176e-02 
3.0696018402297343e-02 
1.5835589535485830e-02 
-4.3289789581808048e-02 
1.0933246338240377e-02 
2.2678329200003657e-02 
3.4805292015315584e-02 
1.0289115725654829e-02 
1.2527753304875745e-02 
3.6888529295699468e-02 
6.4959282104373184e-03 
4.0848683278738918e-02 
-1.1462695801294588e-02 
4.8902090770918831e-02 
-7.3260383263372367e-03 
-2.8972985802576179e-02 
2.6463322684913061e-02 
5.1980286535949112e-03 
-6.9358183284932047e-03 
4.3859855770915307e-02 
3.7111143601151756e-04 
-1.4231523458529849e-02 
2.7873426987289542e-02 
-3.3705644553188065e-02 
-4.7107523144251352e-02 
-3.4637288769317341e-02 
-5.9994558905482895e-04 
2.2112438885476940e-02 
-2.4661722182820135e-02 
2.6306961588712985e-02 
-4.5734528161912327e-02 
-1.2026003607777081e-02 
-1.0026214550762781e-02 
3.2739549835233139e-02 
4.0965326185677546e-02 
2.4473779735641122e-02 
-3.5857053125920989e-02 
-4.1106705339779406e-02 
-1.9963376722576254e-02 
-2.2518235502338748e-02 
2.7011392114250354e-02 
-7.6053456321354407e-03 
-3.1062810500793916e-02 
9.6156631615934365e-03 
-4.8843926719974506e-02 
4.1000118501311168e-02 
1.7905896735223858e-02 
-1.1408938819177927e-03 
4.3939363343175775e-02 
-2.2568792354584390e-02 
-5.6555748561991975e-03 
-2.9359902481256640e-03 
-3.2998243203319531e-02 
-3.5875903407180401e-02 
-2.8902892331394904e-02 
1.8216694627377152e-02 
4.7792546237018230e-03 
-2.5222797004994236e-02 
3.9013829424931423e-02 
3.9025763140609640e-02 
2.3011633629559915e-02 
-2.4637345396310907e-03 
-4.7265107697749713e-02 
-2.1040868527816947e-02 
1.8814005485246713e-02 
2.0854287235227267e-02 
-3.5035733737462139e-02 
-4.1164742400785340e-02 
-1.3927614727606376e-02 
2.4462970205555656e-02 
4.1133415996771699e-02 
-3.3825558753722576e-02 
-8.4718619263320361e-03 
-4.4810873539602218e-02 
4.3897107080749079e-02 
-8.4641303355110550e-03 
2.1489191434135815e-02 
-3.2773217344826321e-02 
3.0901355930260221e-02 
5.7470037797116352e-03 
1.0658849363242363e-02 
-3.2657397904276499e-02 
-1.7687109343841888e-02 
2.9239696562001951e-02 
1.8189527384973682e-02 
3.6618901464387399e-02 
-1.7146288947803068e-02 
-7.0991075462405687e-03 
3.3023293397351154e-02 
3.5234422284826317e-02 
2.3920281732543684e-03 
-4.0810241650694995e-02 
-5.2175026715834743e-03 
4.6706010725012341e-02 
4.4613707356444390e-02 
-3.0506322855890212e-02 
4.8625145296551826e-03 
1.1735377044004148e-02 
-2.8964370368969074e-02 
1.3571313050020607e-02 
-3.2349934998910368e-03 
-2.1165670598126653e-02 
-3.7147651799584673e-02 
1.7131038832777102e-02 
-1.5011802539777708e-02 
-4.7483614800275756e-02 
4.2403263870586440e-02 
-8.7019167082771805e-03 
8.6113502226639934e-03 
1.9086357353373298e-02 
2.3616595847320478e-02 
-2.5876626508020396e-02 
-4.9521598112975199e-02 
3.1342855585863083e-02 
-2.8114526853476453e-02 
3.0420201897326804e-02 
-4.9235897317992654e-02 
-3.0226156976428876e-02 
7.5773290096693875e-03 
-2.2886386805137396e-02 
1.6464174764483364e-04 
-3.0899026719904479e-02 
1.4349106651895394e-02 
4.2675656551019264e-02 
-9.0991455274849319e-03 
-4.1018783072814126e-02 
3.0623406383338971e-02 
6.7632208465602363e-03 
-2.4915972906800921e-02 
4.6081551335241701e-02 
-4.4632498980548267e-02 
-2.6367332366376117e-02 
-5.8820550509560256e-03 
3.1615705553422538e-02 
2.0511849810530560e-04 
-1.7845600234050686e-03 
-4.9424301064405034e-02 
-3.5485168309067505e-02 
-4.6240393971197086e-02 
-1.7894100897703324e-02 
9.6498611195639308e-03 
-4.3497908617805170e-02 
2.0515454367518449e-03 
2.6820838833688312e-02 
1.0370975149022455e-02 
-2.0507747511278887e-02 
-5.8559034560550123e-03 
-2.5663070089436760e-02 
-4.9548105855525784e-02 
-4.6243140436663402e-02 
-3.5067105256156974e-03 
-4.6387012997171455e-02 
3.8437412081874081e-02 
4.4855170676979472e-02 
1.9565105436342656e-02 
-8.0191833142712384e-03 
-3.0964452338281493e-03 
-4.0120809265314354e-02 
-4.0550425170244320e-03 
6.8019389143317288e-03 
-4.2666987436341562e-03 
-2.1241480578952168e-02 
4.8332528705976756e-02 
-3.0092088205784819e-02 
3.5749067507620948e-02 
2.1525527097136844e-03 
2.4316464582036647e-02 
1.3090831117513947e-02 
-1.6176491336541431e-02 
3.3039118654568558e-02 
2.2121597956098128e-02 
3.0177820548616108e-02 
3.0492846671573915e-02 
1.7316035165002432e-02 
-3.8033786037919959e-02 
2.8898134984251533e-03 
9.6030627829058919e-03 
3.2076852357655332e-02 
-4.6892499614729188e-02 
9.2544262197379774e-03 
-3.4448739648344821e-02 
-1.1532509713084949e-02 
1.2338892196726282e-02 
-3.7718174933709714e-02 
-2.8485242728302374e-02 
3.5045716685465746e-03 
-3.1397692682093394e-02 
-3.9844413718012041e-02 
7.0761456885172665e-03 
1.6567058037778026e-02 
-9.6647104445246271e-03 
-4.0199080870656212e-02 
-2.0206644935967577e-02 
1.2254489792913515e-02 
-2.3495592543001445e-02 
-4.5410278647121362e-02 
-4.2813113103551187e-03 
-4.0105832359365826e-03 
1.8889036039599807e-02 
4.2876542807541634e-02 
3.1801953283097852e-02 
4.0701107312932208e-02 
3.6510752237756796e-03 
4.9066748797223059e-02 
-4.1502591173578990e-02 
-1.4274173913310395e-02 
4.9858094179759706e-02 
4.6961472750508229e-02 
2.9152977669468030e-02 
4.5033854997902798e-03 
3.7273396667486657e-02 
4.9135231212190968e-02 
-2.2707960114852724e-02 
1.4588353394341358e-02 
-2.8044594609602472e-02 
6.3343358364708838e-03 
6.3445217627731811e-03 
4.5078681964351365e-02 
4.5036809848060980e-02 
4.0889982458694608e-02 
-9.4037031444121240e-03 
2.5891594483097791e-02 
-3.4136910197214369e-02 
-3.5721276409060553e-02 
-4.6361220095135484e-02 
1.1100213839396079e-03 
2.7968989943136704e-02 
2.7379135915871412e-02 
-3.6787804512825820e-03 
-2.6210970921114740e-02 
1.5243284955124071e-02 
3.8768240608500816e-03 
-1.3932376219935639e-02 
-4.1733604086684521e-02 
3.3842742610966918e-02 
-2.1563540416747351e-02 
-7.7738876192409269e-03 
6.6701022790881083e-03 
-3.8424278263109381e-02 
1.0694824462308718e-02 
3.2102484737226787e-02 
-1.3333358032012155e-02 
-1.2400055431234402e-02 
1.7205840302675125e-02 
-3.0296531595823697e-02 
-4.9947785863589216e-02 
-4.8097816093214632e-02 
3.7296305780514294e-02 
2.6775985403820736e-02 
4.7636753334177495e-02 
-1.0743261040185515e-02 
3.8919067871284997e-02 
9.2540492121601092e-03 
-3.8407680666196167e-02 
-4.8132777476587512e-03 
1.3099692328838276e-02 
2.9165401718665319e-02 
5.9056723475676481e-03 
-4.5619615217587783e-02 
3.7597408335195683e-02 
2.9236754133043167e-03 
-3.5689632778219328e-02 
4.5660952843304681e-02 
-1.9162514520130559e-02 
-4.7898546667503851e-02 
2.1673210150786316e-02 
3.6621950000557693e-02 
-1.8527968441268729e-02 
-4.0945455574939477e-02 
-1.1086898238324329e-02 
-3.9998279643286089e-02 
3.0656624806090806e-02 
-2.5442458148825009e-02 
1.5373928333522503e-02 
8.1374585697287071e-03 
3.4428016964510776e-02 
-3.1900058392684096e-02 
-1.2492352784627726e-02 
-2.3856042161064774e-02 
-3.0511242070695402e-02 
4.3277734243682142e-02 
-4.5079031650556614e-02 
2.4229889778393243e-04 
-2.5514590470052202e-02 
-2.4240507067694185e-02 
-3.3112957571011313e-02 
3.4349815324979847e-02 
4.2691279448591416e-03 
-1.1810049609438090e-02 
-4.3218335504705052e-02 
-3.3508823555935131e-02 
-3.9542351634235022e-02 
-8.2518524668030117e-03 
-8.2746806361791436e-03 
-3.5492593896995495e-02 
4.6513429995206926e-02 
-3.8542009548480333e-02 
9.2269188644018233e-03 
4.6361796955216798e-02 
-2.4614794273772035e-02 
3.4517122924889433e-02 
3.5609167132513213e-02 
-1.0595905332374712e-02 
2.4551915594863152e-02 
1.7584579499417798e-02 
9.8209082153001403e-03 
9.3626678598872862e-03 
1.1380886143908765e-02 
-1.0980182383795480e-02 
3.3310927733375420e-02 
3.1190792680475168e-02 
4.0537113013783460e-02 
1.7681372723873556e-02 
-2.6959692927233506e-02 
2.6588199754100150e-02 
-2.4036546962426231e-02 
-1.9281841383172928e-02 
-3.2407821336638033e-02 
-3.2797754913948700e-02 
2.0663206599160801e-02 
1.9063075757725104e-02 
-2.3029798441993043e-03 
1.7470100750557393e-02 
-3.3184251048606804e-02 
-3.1029479074384060e-02 
-5.6998261278608971e-03 
2.3703596626984281e-02 
-1.8056620230445020e-02 
2.6634685455761510e-02 
4.3574635386888104e-03 
1.1543310548847607e-02 
-3.8601438698021798e-03 
-4.9170372096195486e-02 
-2.5522040167783023e-02 
-4.8045484943037432e-02 
2.6521735933715231e-02 
-2.8559088552665094e-03 
4.4856394643309219e-02 
-2.5687547098462230e-02 
-1.0197976627551021e-02 
-3.5716870912220880e-02 
-4.8827713925811422e-02 
-4.2948447242561749e-02 
9.0485066561184716e-03 
4.9965853778186110e-02 
-4.0878322763043262e-03 
2.9226937800394062e-02 
2.8071641181756968e-02 
1.7419373726577814e-02 
4.0405058339241552e-02 
-2.4753366173830307e-02 
-2.4850895739329193e-02 
-4.3299433085108863e-03 
1.6186768347594683e-02 
-3.3233366162052823e-02 
-5.2572178025957483e-03 
-4.5754311696202081e-02 
-3.9283331931800163e-02 
1.4349638287299561e-02 
-4.6401892991887244e-03 
1.5331824874505096e-02 
