0.5931848744E-01
0.5944430038E-01
0.5954796371E-01
0.5962972177E-01
0.5968981680E-01
0.5972848900E-01
0.5974597684E-01
0.5974251712E-01
0.5971834520E-01
0.5967369512E-01
0.5960879975E-01
0.5952389092E-01
0.5941919958E-01
0.5929495585E-01
0.5915138919E-01
0.5898872846E-01
0.5880720201E-01
0.5860703779E-01
0.5838846340E-01
0.5815170618E-01
0.5789699327E-01
0.5762455165E-01
0.5733460820E-01
0.5702738971E-01
0.5670312297E-01
0.5636203473E-01
0.5600435181E-01
0.5563030104E-01
0.5524010932E-01
0.5483400365E-01
0.5441221106E-01
0.5397495871E-01
0.5352247382E-01
0.5305498371E-01
0.5257271579E-01
0.5207589752E-01
0.5156475647E-01
0.5103952021E-01
0.5050041638E-01
0.4994767265E-01
0.4938151669E-01
0.4880217620E-01
0.4820987885E-01
0.4760485232E-01
0.4698732420E-01
0.4635752206E-01
0.4571567336E-01
0.4506200552E-01
0.4439674581E-01
0.4372012145E-01
0.4303235948E-01
0.4233368685E-01
0.4162433033E-01
0.4090451655E-01
0.4017447196E-01
0.3943442285E-01
0.3868459531E-01
0.3792521524E-01
0.3715650836E-01
0.3637870017E-01
0.3559201596E-01
0.3479668084E-01
0.3399291969E-01
0.3318095718E-01
0.3236101778E-01
0.3153332574E-01
0.3069810507E-01
0.2985557960E-01
0.2900597294E-01
0.2814950849E-01
0.2728640945E-01
0.2641689886E-01
0.2554119953E-01
0.2465953409E-01
0.2377212501E-01
0.2287919455E-01
0.2198096480E-01
0.2107765770E-01
0.2016949500E-01
0.1925669833E-01
0.1833948913E-01
0.1741808873E-01
0.1649271830E-01
0.1556359891E-01
0.1463095150E-01
0.1369499689E-01
0.1275595582E-01
0.1181404892E-01
0.1086949672E-01
0.9922519678E-02
0.8973338151E-02
0.8022172443E-02
0.7069242782E-02
0.6114769344E-02
0.5158972249E-02
0.4202071566E-02
0.3244287337E-02
0.2285839558E-02
0.1326948216E-02
0.3678332815E-03
-.5912852801E-03
-.1550187493E-02
-.2508653386E-02
-.3466462969E-02
-.4423396243E-02
-.5379233189E-02
-.6333753756E-02
-.7286737859E-02
-.8237965363E-02
-.9187216076E-02
-.1013426975E-01
-.1107890605E-01
-.1202090460E-01
-.1296004491E-01
-.1389610643E-01
-.1482886850E-01
-.1575811037E-01
-.1668361117E-01
-.1760514992E-01
-.1852250551E-01
-.1943545670E-01
-.2034378210E-01
-.2124726020E-01
-.2214566930E-01
-.2303878756E-01
-.2392639296E-01
-.2480826334E-01
-.2568417635E-01
-.2655390945E-01
-.2741723993E-01
-.2827394487E-01
-.2912380115E-01
-.2996658546E-01
-.3080207426E-01
-.3163004382E-01
-.3245027020E-01
-.3326252926E-01
-.3406659663E-01
-.3486224772E-01
-.3564925774E-01
-.3642740167E-01
-.3719645428E-01
-.3795619015E-01
-.3870638364E-01
-.3944680891E-01
-.4017723994E-01
-.4089745053E-01
-.4160721430E-01
-.4230630469E-01
-.4299449501E-01
-.4367155840E-01
-.4433726787E-01
-.4499139630E-01
-.4563371645E-01
-.4626400101E-01
-.4688202257E-01
-.4748755368E-01
-.4808036685E-01
-.4866023457E-01
-.4922692929E-01
-.4978022349E-01
-.5031988967E-01
-.5084570036E-01
-.5135742814E-01
-.5185484568E-01
-.5233772574E-01
-.5280584118E-01
-.5325896497E-01
-.5369687018E-01
-.5411933004E-01
-.5452611790E-01
-.5491700725E-01
-.5529177176E-01
-.5565018520E-01
-.5599202152E-01
-.5631705475E-01
-.5662505902E-01
-.5691580858E-01
-.5718907768E-01
-.5744464065E-01
-.5768227177E-01
-.5790174528E-01
-.5810283527E-01
-.5828531572E-01
-.5844896033E-01
-.5859354254E-01
-.5871883539E-01
-.5882461145E-01
-.5891064273E-01
-.5897670053E-01
-.5902255537E-01
-.5904797681E-01
-.5905273337E-01
-.5903659236E-01
-.5899931973E-01
-.5894067990E-01
-.5886043559E-01
-.5875834760E-01
-.5863417467E-01
0.1867035809E-02
0.6374378939E-02
0.1070715076E-01
0.1485381279E-01
0.1880529900E-01
0.2255475562E-01
0.2609726679E-01
0.2942963740E-01
0.3255018598E-01
0.3545855616E-01
0.3815556282E-01
0.4064305056E-01
0.4292376376E-01
0.4500125632E-01
0.4687977855E-01
0.4856420614E-01
0.5005995867E-01
0.5137293715E-01
0.5250946621E-01
0.5347623197E-01
0.5428023908E-01
0.5492873852E-01
0.5542920547E-01
0.5578928232E-01
0.5601673194E-01
0.5611940234E-01
0.5610516846E-01
0.5598190551E-01
0.5575744120E-01
0.5543951992E-01
0.5503576097E-01
0.5455362724E-01
0.5400039451E-01
0.5338311180E-01
0.5270858546E-01
0.5198334714E-01
0.5121363223E-01
0.5040536475E-01
0.4956413655E-01
0.4869520363E-01
0.4780346739E-01
0.4689348440E-01
0.4596944787E-01
0.4503519789E-01
0.4409421990E-01
0.4314964989E-01
0.4220429164E-01
0.4126062078E-01
0.4032079861E-01
0.3938667485E-01
0.3845982664E-01
0.3754154707E-01
0.3663288196E-01
0.3573464286E-01
0.3484741465E-01
0.3397158906E-01
0.3310737032E-01
0.3225480226E-01
0.3141377727E-01
0.3058405861E-01
0.2976530118E-01
0.2895705701E-01
0.2815880254E-01
0.2736993314E-01
0.2658979473E-01
0.2581769334E-01
0.2505290078E-01
0.2429467666E-01
0.2354226150E-01
0.2279490060E-01
0.2205184235E-01
0.2131235626E-01
0.2057573227E-01
0.1984128475E-01
0.1910836253E-01
0.1837635321E-01
0.1764468412E-01
0.1691282718E-01
0.1618030478E-01
0.1544668063E-01
0.1471157740E-01
0.1397466318E-01
0.1323565822E-01
0.1249434123E-01
0.1175053443E-01
0.1100411806E-01
0.1025501679E-01
0.9503206486E-02
0.8748706888E-02
0.7991578075E-02
0.7231930540E-02
0.6469902982E-02
0.5705678034E-02
0.4939469327E-02
0.4171514549E-02
0.3402083460E-02
0.2631459801E-02
0.1859948680E-02
0.1087869939E-02
0.3155510293E-03
-.4566762441E-03
-.1228482475E-02
-.1999535654E-02
-.2769514156E-02
-.3538108174E-02
-.4305024894E-02
-.5069988633E-02
-.5832752558E-02
-.6593095610E-02
-.7350828778E-02
-.8105801674E-02
-.8857892381E-02
-.9607029643E-02
-.1035318389E-01
-.1109637296E-01
-.1183666807E-01
-.1257418940E-01
-.1330910801E-01
-.1404164932E-01
-.1477209641E-01
-.1550078567E-01
-.1622811111E-01
-.1695452511E-01
-.1768053002E-01
-.1840668495E-01
-.1913359292E-01
-.1986191110E-01
-.2059233531E-01
-.2132560728E-01
-.2206250134E-01
-.2280381917E-01
-.2355039505E-01
-.2430306916E-01
-.2506270106E-01
-.2583014327E-01
-.2660623633E-01
-.2739180089E-01
-.2818762264E-01
-.2899444820E-01
-.2981295392E-01
-.3064374649E-01
-.3148734370E-01
-.3234415148E-01
-.3321446089E-01
-.3409840961E-01
-.3499597564E-01
-.3590695911E-01
-.3683096474E-01
-.3776737156E-01
-.3871532544E-01
-.3967370878E-01
-.4064112835E-01
-.4161589745E-01
-.4259601071E-01
-.4357913839E-01
-.4456260099E-01
-.4554337185E-01
-.4651804863E-01
-.4748285456E-01
-.4843363516E-01
-.4936583640E-01
-.5027452757E-01
-.5115438767E-01
-.5199971678E-01
-.5280444855E-01
-.5356215091E-01
-.5426605914E-01
-.5490907591E-01
-.5548381269E-01
-.5598259441E-01
-.5639749936E-01
-.5672039367E-01
-.5694295169E-01
-.5705670533E-01
-.5705307095E-01
-.5692339243E-01
-.5665897694E-01
-.5625113955E-01
-.5569124005E-01
-.5497073898E-01
-.5408123462E-01
-.5301450326E-01
-.5176255802E-01
-.5031769952E-01
-.4867257318E-01
-.4682022218E-01
-.4475415967E-01
-.4246844692E-01
-.3995776955E-01
-.3721755315E-01
-.3424405533E-01
-.3103450837E-01
-.2758726621E-01
-.2390195906E-01
-.1997970836E-01
-.1582332997E-01
-.1143759756E-01
-.6829496426E-02
-.2008565673E-02
-.3474980708E-05
0.3835168601E-03
0.1231720719E-02
0.2514291699E-02
0.4192891393E-02
0.6220299062E-02
0.8542913142E-02
0.1110311293E-01
0.1384138376E-01
0.1669825192E-01
0.1961593085E-01
0.2253969720E-01
0.2541901779E-01
0.2820842640E-01
0.3086809037E-01
0.3336421916E-01
0.3566923219E-01
0.3776173033E-01
0.3962633017E-01
0.4125331652E-01
0.4263826643E-01
0.4378156677E-01
0.4468782084E-01
0.4536528534E-01
0.4582528064E-01
0.4608156779E-01
0.4614974566E-01
0.4604673060E-01
0.4579026538E-01
0.4539844089E-01
0.4488927968E-01
0.4428033934E-01
0.4358847227E-01
0.4282959363E-01
0.4201845745E-01
0.4116852922E-01
0.4029192529E-01
0.3939932176E-01
0.3849996941E-01
0.3760174947E-01
0.3671122633E-01
0.3583369386E-01
0.3497326904E-01
0.3413299489E-01
0.3331499475E-01
0.3252059100E-01
0.3175034405E-01
0.3100420271E-01
0.3028163504E-01
0.2958172520E-01
0.2890327153E-01
0.2824487028E-01
0.2760493604E-01
0.2698182303E-01
0.2637386136E-01
0.2577939546E-01
0.2519683167E-01
0.2462462598E-01
0.2406131510E-01
0.2350557990E-01
0.2295619661E-01
0.2241202553E-01
0.2187204511E-01
0.2133532391E-01
0.2080102099E-01
0.2026839833E-01
0.1973674950E-01
0.1920543369E-01
0.1867388813E-01
0.1814155764E-01
0.1760793882E-01
0.1707255196E-01
0.1653492118E-01
0.1599461467E-01
0.1545123152E-01
0.1490435729E-01
0.1435359613E-01
0.1379858007E-01
0.1323898068E-01
0.1267450131E-01
0.1210487256E-01
0.1152982884E-01
0.1094917313E-01
0.1036275570E-01
0.9770461762E-02
0.9172248046E-02
0.8568131964E-02
0.7958181256E-02
0.7342528697E-02
0.6721371602E-02
0.6094959925E-02
0.5463614779E-02
0.4827699875E-02
0.4187627344E-02
0.3543883859E-02
0.2896994156E-02
0.2247499543E-02
0.1596007688E-02
0.9431228566E-03
0.2894578486E-03
-.3643298546E-03
-.1017590076E-02
-.1669695596E-02
-.2320023727E-02
-.2968006508E-02
-.3613069744E-02
-.4254641460E-02
-.4892242959E-02
-.5525433372E-02
-.6153818223E-02
-.6777090236E-02
-.7394956287E-02
-.8007168708E-02
-.8613578294E-02
-.9214104074E-02
-.9808730558E-02
-.1039746500E-01
-.1098034841E-01
-.1155752216E-01
-.1212920655E-01
-.1269561362E-01
-.1325698373E-01
-.1381360184E-01
-.1436579602E-01
-.1491392084E-01
-.1545833513E-01
-.1599943714E-01
-.1653765373E-01
-.1707341532E-01
-.1760718071E-01
-.1813943508E-01
-.1867069636E-01
-.1920152996E-01
-.1973254842E-01
-.2026443695E-01
-.2079792297E-01
-.2133379135E-01
-.2187296364E-01
-.2241647093E-01
-.2296542364E-01
-.2352105234E-01
-.2408471045E-01
-.2465790453E-01
-.2524227123E-01
-.2583951170E-01
-.2645144204E-01
-.2707997676E-01
-.2772705063E-01
-.2839459317E-01
-.2908446744E-01
-.2979839329E-01
-.3053792046E-01
-.3130432375E-01
-.3209847924E-01
-.3292077693E-01
-.3377096272E-01
-.3464805394E-01
-.3555024601E-01
-.3647472548E-01
-.3741756642E-01
-.3837362464E-01
-.3933642210E-01
-.4029808245E-01
-.4124922399E-01
-.4217893717E-01
-.4307479614E-01
-.4392286424E-01
-.4470778084E-01
-.4541291474E-01
-.4602053542E-01
-.4651204162E-01
-.4686826747E-01
-.4706984206E-01
-.4709763481E-01
-.4693323208E-01
-.4655945387E-01
-.4596094887E-01
-.4512479283E-01
-.4404112333E-01
-.4270381661E-01
-.4111111538E-01
-.3926621547E-01
-.3717777743E-01
-.3486040843E-01
-.3233507843E-01
-.2962932359E-01
-.2677725091E-01
-.2381940514E-01
-.2080242841E-01
-.1777850607E-01
-.1480449749E-01
-.1194073765E-01
-.9249627182E-02
-.6793936698E-02
-.4634830625E-02
-.2829630617E-02
-.1429309694E-02
-.4758238670E-03
0.6450943378E-06
0.3701793070E-03
0.1331642279E-02
0.2325473520E-02
0.3347845947E-02
0.4394643155E-02
0.5461496390E-02
0.6543755204E-02
0.7636522832E-02
0.8734674673E-02
0.9832911639E-02
0.1092581304E-01
0.1200790741E-01
0.1307372931E-01
0.1411789481E-01
0.1513516863E-01
0.1612053685E-01
0.1706925331E-01
0.1797691043E-01
0.1883948927E-01
0.1965340107E-01
0.2041551505E-01
0.2112319064E-01
0.2177429090E-01
0.2236718864E-01
0.2290077832E-01
0.2337445746E-01
0.2378810607E-01
0.2414207612E-01
0.2443715499E-01
0.2467453629E-01
0.2485579403E-01
0.2498282907E-01
0.2505783631E-01
0.2508325880E-01
0.2506174748E-01
0.2499611246E-01
0.2488928950E-01
0.2474429908E-01
0.2456420186E-01
0.2435206853E-01
0.2411094651E-01
0.2384382130E-01
0.2355360924E-01
0.2324311693E-01
0.2291502316E-01
0.2257186474E-01
0.2221602038E-01
0.2184969680E-01
0.2147492869E-01
0.2109356788E-01
0.2070728346E-01
0.2031755574E-01
0.1992567933E-01
0.1953277546E-01
0.1913977984E-01
0.1874746819E-01
0.1835645004E-01
0.1796718481E-01
0.1757998893E-01
0.1719504255E-01
0.1681240972E-01
0.1643204813E-01
0.1605380735E-01
0.1567745380E-01
0.1530267761E-01
0.1492910509E-01
0.1455630746E-01
0.1418381885E-01
0.1381114205E-01
0.1343774950E-01
0.1306310528E-01
0.1268666787E-01
0.1230790370E-01
0.1192629015E-01
0.1154132190E-01
0.1115252121E-01
0.1075944580E-01
0.1036169299E-01
0.9958899205E-02
0.9550747917E-02
0.9136978859E-02
0.8717378842E-02
0.8291788254E-02
0.7860105196E-02
0.7422288974E-02
0.6978358048E-02
0.6528387716E-02
0.6072506393E-02
0.5610902300E-02
0.5143821510E-02
0.4671549501E-02
0.4194427233E-02
0.3712845532E-02
0.3227231185E-02
0.2738046815E-02
0.2245789473E-02
0.1750984892E-02
0.1254182589E-02
0.7559515757E-03
0.2568685096E-03
-.2424783982E-03
-.7415045793E-03
-.1239627596E-02
-.1736271042E-02
-.2230873048E-02
-.2722895354E-02
-.3211828128E-02
-.3697186408E-02
-.4178522237E-02
-.4655427274E-02
-.5127536809E-02
-.5594532124E-02
-.6056147906E-02
-.6512167696E-02
-.6962432753E-02
-.7406842784E-02
-.7845355414E-02
-.8277985237E-02
-.8704813445E-02
-.9125976139E-02
-.9541665682E-02
-.9952133307E-02
-.1035767727E-01
-.1075865275E-01
-.1115545742E-01
-.1154853264E-01
-.1193835943E-01
-.1232544788E-01
-.1271033469E-01
-.1309357315E-01
-.1347572425E-01
-.1385735436E-01
-.1423901872E-01
-.1462125455E-01
-.1500457039E-01
-.1538943654E-01
-.1577628064E-01
-.1616546928E-01
-.1655728974E-01
-.1695194926E-01
-.1734955405E-01
-.1775009947E-01
-.1815346448E-01
-.1855939398E-01
-.1896749052E-01
-.1937719440E-01
-.1978778492E-01
-.2019836432E-01
-.2060785591E-01
-.2101499486E-01
-.2141831611E-01
-.2181616477E-01
-.2220668907E-01
-.2258783788E-01
-.2295737313E-01
-.2331287742E-01
-.2365175668E-01
-.2397125331E-01
-.2426846717E-01
-.2454037797E-01
-.2478386602E-01
-.2499574164E-01
-.2517277130E-01
-.2531171692E-01
-.2540936686E-01
-.2546257339E-01
-.2546830400E-01
-.2542367463E-01
-.2532600393E-01
-.2517284556E-01
-.2496204453E-01
-.2469177803E-01
-.2436059662E-01
-.2396746291E-01
-.2351178615E-01
-.2299345214E-01
-.2241284873E-01
-.2177088232E-01
-.2106899599E-01
-.2030917248E-01
-.1949392071E-01
-.1862626224E-01
-.1770970959E-01
-.1674823412E-01
-.1574622609E-01
-.1470843956E-01
-.1363993640E-01
-.1254602321E-01
-.1143217966E-01
-.1030399459E-01
-.9167088910E-02
-.8027048842E-02
-.6889355180E-02
-.5759328955E-02
-.4642084501E-02
-.3542483332E-02
-.2465132683E-02
-.1414353223E-02
-.3942425428E-03
-.3754609998E-05
-.5036039585E-04
-.4783477551E-04
0.4152949930E-05
0.1045696758E-03
0.2511976253E-03
0.4407997001E-03
0.6693353177E-03
0.9322039159E-03
0.1224390704E-02
0.1540596927E-02
0.1875413006E-02
0.2223484665E-02
0.2579688732E-02
0.2939169623E-02
0.3297351943E-02
0.3650120181E-02
0.3993870719E-02
0.4325492164E-02
0.4642388553E-02
0.4942449692E-02
0.5224102191E-02
0.5486309998E-02
0.5728448930E-02
0.5950317447E-02
0.6152134907E-02
0.6334422360E-02
0.6498008442E-02
0.6643981504E-02
0.6773596229E-02
0.6888265610E-02
0.6989486273E-02
0.7078807945E-02
0.7157874485E-02
0.7228281011E-02
0.7291525744E-02
0.7349085273E-02
0.7402338570E-02
0.7452542710E-02
0.7500853386E-02
0.7548255974E-02
0.7595607262E-02
0.7643633404E-02
0.7692860599E-02
0.7743692840E-02
0.7796423910E-02
0.7851163807E-02
0.7907884925E-02
0.7966447580E-02
0.8026569142E-02
0.8087888126E-02
0.8149949154E-02
0.8212202477E-02
0.8274033209E-02
0.8334722942E-02
0.8393478969E-02
0.8449544236E-02
0.8502131273E-02
0.8550354741E-02
0.8593312249E-02
0.8630120999E-02
0.8659926529E-02
0.8681880183E-02
0.8695095678E-02
0.8698700163E-02
0.8691921422E-02
0.8673995152E-02
0.8644150190E-02
0.8601704135E-02
0.8546026922E-02
0.8476522150E-02
0.8392674495E-02
0.8293998689E-02
0.8180061689E-02
0.8050549908E-02
0.7905196317E-02
0.7743806252E-02
0.7566265964E-02
0.7372481614E-02
0.7162470847E-02
0.6936395952E-02
0.6694424243E-02
0.6436762900E-02
0.6163724484E-02
0.5875715820E-02
0.5573261825E-02
0.5256914754E-02
0.4927228671E-02
0.4584895562E-02
0.4230693536E-02
0.3865409424E-02
0.3489909960E-02
0.3105109411E-02
0.2711953677E-02
0.2311457317E-02
0.1904655152E-02
0.1492625453E-02
0.1076504336E-02
0.6573842388E-03
0.2363745738E-03
-.1853518066E-03
-.6066414319E-03
-.1026364151E-02
-.1443372750E-02
-.1856542968E-02
-.2264759506E-02
-.2666946886E-02
-.3062076414E-02
-.3449119973E-02
-.3827080467E-02
-.4195055706E-02
-.4552198531E-02
-.4897668088E-02
-.5230703093E-02
-.5550608024E-02
-.5856752437E-02
-.6148585821E-02
-.6425627263E-02
-.6687444096E-02
-.6933692809E-02
-.7164101625E-02
-.7378474843E-02
-.7576733740E-02
-.7758830520E-02
-.7924764195E-02
-.8074663047E-02
-.8208743292E-02
-.8327258068E-02
-.8430520716E-02
-.8518909916E-02
-.8592906560E-02
-.8653068829E-02
-.8699954111E-02
-.8734192250E-02
-.8756503977E-02
-.8767636170E-02
-.8768361301E-02
-.8759478006E-02
-.8741816905E-02
-.8716278031E-02
-.8683747973E-02
-.8645081971E-02
-.8601169656E-02
-.8552887231E-02
-.8501101054E-02
-.8446672119E-02
-.8390371894E-02
-.8332905545E-02
-.8274953248E-02
-.8217127854E-02
-.8159963333E-02
-.8103885400E-02
-.8049176697E-02
-.7996035788E-02
-.7944562214E-02
-.7894680406E-02
-.7846161607E-02
-.7798637855E-02
-.7751596779E-02
-.7704360214E-02
-.7656075890E-02
-.7605735720E-02
-.7552231156E-02
-.7494302914E-02
-.7430551363E-02
-.7359470768E-02
-.7279491633E-02
-.7188990652E-02
-.7086318436E-02
-.6969852431E-02
-.6838035913E-02
-.6689385592E-02
-.6522546877E-02
-.6336411640E-02
-.6130130427E-02
-.5903119709E-02
-.5655107325E-02
-.5386249407E-02
-.5097166168E-02
-.4788957789E-02
-.4463193092E-02
-.4121987500E-02
-.3768034281E-02
-.3404552343E-02
-.3035273270E-02
-.2664447437E-02
-.2296773510E-02
-.1937299570E-02
-.1591384867E-02
-.1264587666E-02
-.9625109354E-03
-.6906491619E-03
-.4542474633E-03
-.2581536959E-03
-.1065891136E-03
-.2895561913E-05
0.5061370845E-04
0.5278922191E-04
0.3918523440E-05
-.2217418945E-03
-.7912529439E-03
-.1373760697E-02
-.1967016011E-02
-.2568615457E-02
-.3176022688E-02
-.3786534725E-02
-.4397299194E-02
-.5005338747E-02
-.5607559566E-02
-.6200787524E-02
-.6781801303E-02
-.7347365186E-02
-.7894282696E-02
-.8419409329E-02
-.8919713817E-02
-.9392305510E-02
-.9834474219E-02
-.1024372927E-01
-.1061780302E-01
-.1095470193E-01
-.1125270279E-01
-.1151038114E-01
-.1172661550E-01
-.1190058998E-01
-.1203180593E-01
-.1212006355E-01
-.1216546207E-01
-.1216838472E-01
-.1212948650E-01
-.1204967925E-01
-.1193011471E-01
-.1177215616E-01
-.1157736538E-01
-.1134747398E-01
-.1108435861E-01
-.1079004499E-01
-.1046665003E-01
-.1011637763E-01
-.9741505523E-02
-.9344340877E-02
-.8927239290E-02
-.8492553824E-02
-.8042640540E-02
-.7579833085E-02
-.7106435015E-02
-.6624715422E-02
-.6136883685E-02
-.5645096270E-02
-.5151443125E-02
-.4657942238E-02
-.4166531788E-02
-.3679070486E-02
-.3197332603E-02
-.2723011985E-02
-.2257708605E-02
-.1802933133E-02
-.1360111902E-02
-.9305743747E-03
-.5155604277E-03
-.1162260238E-03
0.2663674119E-03
0.6312416595E-03
0.9775152669E-03
0.1304382736E-02
0.1611133099E-02
0.1897144506E-02
0.2161868473E-02
0.2404854880E-02
0.2625720353E-02
0.2824172963E-02
0.3000006126E-02
0.3153085163E-02
0.3283358821E-02
0.3390856120E-02
0.3475677727E-02
0.3538001850E-02
0.3578086422E-02
0.3596256143E-02
0.3592913062E-02
0.3568521374E-02
0.3523618770E-02
0.3458808524E-02
0.3374753871E-02
0.3272184242E-02
0.3151877564E-02
0.3014682018E-02
0.2861502136E-02
0.2693274350E-02
0.2510999203E-02
0.2315712167E-02
0.2108498102E-02
0.1890476747E-02
0.1662802385E-02
0.1426665009E-02
0.1183269670E-02
0.9338574647E-03
0.6796806663E-03
0.4220173103E-03
0.1621521783E-03
-.9862139249E-04
-.3590118201E-03
-.6177144622E-03
-.8734430884E-03
-.1124913514E-02
-.1370847075E-02
-.1609995455E-02
-.1841113824E-02
-.2062989570E-02
-.2274440942E-02
-.2474311996E-02
-.2661485231E-02
-.2834878950E-02
-.2993454499E-02
-.3136219025E-02
-.3262220440E-02
-.3370577907E-02
-.3460443337E-02
-.3531042334E-02
-.3581655467E-02
-.3611618060E-02
-.3620342749E-02
-.3607302376E-02
-.3572041626E-02
-.3514174517E-02
-.3433393178E-02
-.3329457479E-02
-.3202212991E-02
-.3051581663E-02
-.2877571442E-02
-.2680259335E-02
-.2459814064E-02
-.2216487380E-02
-.1950613042E-02
-.1662625736E-02
-.1353034062E-02
-.1022443938E-02
-.6715636498E-03
-.3011729801E-03
0.8783792610E-04
0.4944879381E-03
0.9177013672E-03
0.1356296552E-02
0.1809005014E-02
0.2274443091E-02
0.2751141630E-02
0.3237521867E-02
0.3731906793E-02
0.4232525795E-02
0.4737506278E-02
0.5244884062E-02
0.5752610407E-02
0.6258542254E-02
0.6760451506E-02
0.7256050883E-02
0.7742967428E-02
0.8218791656E-02
0.8681060289E-02
0.9127275856E-02
0.9554923823E-02
0.9961480668E-02
0.1034444691E-01
0.1070134584E-01
0.1102976626E-01
0.1132736473E-01
0.1159188752E-01
0.1182122002E-01
0.1201338350E-01
0.1216656184E-01
0.1227914643E-01
0.1234973169E-01
0.1237715947E-01
0.1236052925E-01
0.1229922345E-01
0.1219291528E-01
0.1204159071E-01
0.1184555175E-01
0.1160543137E-01
0.1132218838E-01
0.1099710425E-01
0.1063177561E-01
0.1022810054E-01
0.9788274079E-02
0.9314733479E-02
0.8810168182E-02
0.8277467128E-02
0.7719678265E-02
0.7139990287E-02
0.6541667285E-02
0.5928021634E-02
0.5302382572E-02
0.4668039884E-02
0.4028215756E-02
0.3386021196E-02
0.2744461336E-02
0.2106384842E-02
0.1474498788E-02
0.8513580727E-03
0.2393934053E-03
0.9706934743E-05
-.7645276343E-04
-.4893050290E-03
-.1216567871E-02
-.2237370883E-02
-.3523860138E-02
-.5042798367E-02
-.6757108901E-02
-.8627344141E-02
-.1061301542E-01
-.1267372844E-01
-.1477023252E-01
-.1686527868E-01
-.1892435743E-01
-.2091622633E-01
-.2281331359E-01
-.2459195485E-01
-.2623254192E-01
-.2771952865E-01
-.2904134375E-01
-.3019018961E-01
-.3116179183E-01
-.3195515058E-01
-.3257217869E-01
-.3301729945E-01
-.3329710864E-01
-.3341997099E-01
-.3339565473E-01
-.3323503558E-01
-.3294968719E-01
-.3255156197E-01
-.3205277223E-01
-.3146534453E-01
-.3080099942E-01
-.3007100209E-01
-.2928596408E-01
-.2845578661E-01
-.2758963594E-01
-.2669582384E-01
-.2578178886E-01
-.2485416486E-01
-.2391876079E-01
-.2298061419E-01
-.2204401834E-01
-.2111256862E-01
-.2018928066E-01
-.1927664954E-01
-.1837667513E-01
-.1749094813E-01
-.1662073303E-01
-.1576701670E-01
-.1493058395E-01
-.1411205130E-01
-.1331191923E-01
-.1253061182E-01
-.1176848817E-01
-.1102589295E-01
-.1030319272E-01
-.9600736550E-02
-.8918884622E-02
-.8258048834E-02
-.7618665209E-02
-.7001166926E-02
-.6406014100E-02
-.5833656677E-02
-.5284556466E-02
-.4759189873E-02
-.4257952386E-02
-.3781211247E-02
-.3329322947E-02
-.2902561155E-02
-.2501135033E-02
-.2125206883E-02
-.1774819376E-02
-.1449934540E-02
-.1150471665E-02
-.8762342050E-03
-.6269248159E-03
-.4021616960E-03
-.2014549212E-03
-.2426281492E-04
0.1300293562E-03
0.2621732380E-03
0.3729803056E-03
0.4633118225E-03
0.5340928365E-03
0.5862978527E-03
0.6209820946E-03
0.6392504840E-03
0.6422285199E-03
0.6310833119E-03
0.6070111062E-03
0.5712395195E-03
0.5250575422E-03
0.4697562412E-03
0.4066080568E-03
0.3369405436E-03
0.2620989262E-03
0.1834259989E-03
0.1022821537E-03
0.2000984624E-04
-.6202358480E-04
-.1424049791E-03
-.2197695460E-03
-.2927917561E-03
-.3600921680E-03
-.4202961443E-03
-.4720577826E-03
-.5140425620E-03
-.5449473877E-03
-.5634857656E-03
-.5683577193E-03
-.5583191824E-03
-.5321906791E-03
-.4887953585E-03
-.4270252788E-03
-.3458313703E-03
-.2441940588E-03
-.1211831303E-03
0.2405153684E-04
0.1923083207E-03
0.3842852458E-03
0.6005931748E-03
0.8417629946E-03
0.1108214575E-02
0.1400281459E-02
0.1718220605E-02
0.2062174172E-02
0.2432209089E-02
0.2828325500E-02
0.3250430260E-02
0.3698385812E-02
0.4171968481E-02
0.4670886002E-02
0.5194866358E-02
0.5743588057E-02
0.6316694746E-02
0.6913860172E-02
0.7534734020E-02
0.8178998148E-02
0.8846407895E-02
0.9536687670E-02
0.1024958648E-01
0.1098494456E-01
0.1174257688E-01
0.1252232078E-01
0.1332402849E-01
0.1414745634E-01
0.1499232022E-01
0.1585826758E-01
0.1674472453E-01
0.1765092412E-01
0.1857583175E-01
0.1951803034E-01
0.2047574081E-01
0.2144668878E-01
0.2242798059E-01
0.2341607771E-01
0.2440673862E-01
0.2539494710E-01
0.2637485214E-01
0.2733964941E-01
0.2828161398E-01
0.2919212879E-01
0.3006163641E-01
0.3087969070E-01
0.3163500541E-01
0.3231556595E-01
0.3290880782E-01
0.3340175770E-01
0.3378120730E-01
0.3403401745E-01
0.3414740991E-01
0.3410926725E-01
0.3390851326E-01
0.3353544645E-01
0.3298214181E-01
0.3224294402E-01
0.3131485125E-01
0.3019784037E-01
0.2889528329E-01
0.2741431221E-01
0.2576607970E-01
0.2396598773E-01
0.2203378407E-01
0.1999355305E-01
0.1787365439E-01
0.1570647615E-01
0.1352798910E-01
0.1137724493E-01
0.9295621488E-02
0.7325873533E-02
0.5511124552E-02
0.3893604272E-02
0.2513207952E-02
0.1405991818E-02
0.6025364693E-03
0.1262359744E-03
-.8429723649E-05
-.1111556082E-02
-.3879105964E-02
-.6624938094E-02
-.9338664146E-02
-.1200992691E-01
-.1462847264E-01
-.1718424666E-01
-.1966748291E-01
-.2206880658E-01
-.2437934023E-01
-.2659079177E-01
-.2869554855E-01
-.3068676103E-01
-.3255839270E-01
-.3430528546E-01
-.3592318523E-01
-.3740877129E-01
-.3875966297E-01
-.3997440614E-01
-.4105245804E-01
-.4199414890E-01
-.4280064383E-01
-.4347389222E-01
-.4401655873E-01
-.4443197299E-01
-.4472405520E-01
-.4489724210E-01
-.4495642538E-01
-.4490686088E-01
-.4475411745E-01
-.4450399605E-01
-.4416246810E-01
-.4373562149E-01
-.4322959092E-01
-.4265051557E-01
-.4200449721E-01
-.4129754494E-01
-.4053555077E-01
-.3972425074E-01
-.3886919935E-01
-.3797576344E-01
-.3704908363E-01
-.3609407079E-01
-.3511539874E-01
-.3411749298E-01
-.3310453488E-01
-.3208045824E-01
-.3104894588E-01
-.3001344429E-01
-.2897715741E-01
-.2794306000E-01
-.2691389963E-01
-.2589220420E-01
-.2488030299E-01
-.2388031749E-01
-.2289418518E-01
-.2192364777E-01
-.2097027230E-01
-.2003546701E-01
-.1912047701E-01
-.1822639991E-01
-.1735418429E-01
-.1650463897E-01
-.1567845308E-01
-.1487618378E-01
-.1409827347E-01
-.1334505720E-01
-.1261675155E-01
-.1191348857E-01
-.1123529442E-01
-.1058210646E-01
-.9953786743E-02
-.9350104390E-02
-.8770761585E-02
-.8215392700E-02
-.7683550715E-02
-.7174741673E-02
-.6688403893E-02
-.6223926995E-02
-.5780651754E-02
-.5357859864E-02
-.4954804988E-02
-.4570696184E-02
-.4204709523E-02
-.3855987260E-02
-.3523635748E-02
-.3206740426E-02
-.2904362432E-02
-.2615534409E-02
-.2339278543E-02
-.2074590033E-02
-.1820455000E-02
-.1575838473E-02
-.1339695657E-02
-.1110975088E-02
-.8886089624E-03
-.6715269339E-03
-.4586466765E-03
-.2488772815E-03
-.4113093021E-04
0.1656945982E-03
0.3726987923E-03
0.5809787173E-03
0.7916497192E-03
0.1005811702E-02
0.1224572108E-02
0.1449036111E-02
0.1680299577E-02
0.1919463896E-02
0.2167619872E-02
0.2425850992E-02
0.2695233767E-02
0.2976827529E-02
0.3271684302E-02
0.3580837473E-02
0.3905302308E-02
0.4246075988E-02
0.4604125096E-02
0.4980392587E-02
0.5375793963E-02
0.5791204247E-02
0.6227468140E-02
0.6685386493E-02
0.7165709221E-02
0.7669142180E-02
0.8196331311E-02
0.8747868101E-02
0.9324279667E-02
0.9926023002E-02
0.1055347977E-01
0.1120695131E-01
0.1188665991E-01
0.1259273598E-01
0.1332521291E-01
0.1408403196E-01
0.1486901943E-01
0.1567988875E-01
0.1651623806E-01
0.1737753433E-01
0.1826311830E-01
0.1917218977E-01
0.2010379626E-01
0.2105683507E-01
0.2203003536E-01
0.2302196032E-01
0.2403099461E-01
0.2505532621E-01
0.2609294935E-01
0.2714164502E-01
0.2819898606E-01
0.2926231888E-01
0.3032874570E-01
0.3139513596E-01
0.3245810574E-01
0.3351401264E-01
0.3455895723E-01
0.3558876334E-01
0.3659899494E-01
0.3758494495E-01
0.3854163579E-01
0.3946383455E-01
0.4034605503E-01
0.4118258377E-01
0.4196748244E-01
0.4269461094E-01
0.4335766987E-01
0.4395021653E-01
0.4446571691E-01
0.4489758733E-01
0.4523922935E-01
0.4548410416E-01
0.4562577787E-01
0.4565799115E-01
0.4557474000E-01
0.4537032671E-01
0.4503945483E-01
0.4457729714E-01
0.4397957296E-01
0.4324262836E-01
0.4236349847E-01
0.4133999635E-01
0.4017076531E-01
0.3885532883E-01
0.3739414989E-01
0.3578865370E-01
0.3404126423E-01
0.3215541481E-01
0.3013552547E-01
0.2798700014E-01
0.2571617994E-01
0.2333029189E-01
0.2083738497E-01
0.1824624374E-01
0.1556629805E-01
0.1280752210E-01
0.9980324047E-02
0.7095451609E-02
0.4163862931E-02
0.1196666372E-02
-.1880271168E-03
-.5307765423E-02
-.1068237208E-01
-.1616206164E-01
-.2161344088E-01
-.2692077986E-01
-.3198665131E-01
-.3673199949E-01
-.4109564248E-01
-.4503334206E-01
-.4851663673E-01
-.5153141707E-01
-.5407624583E-01
-.5616058634E-01
-.5780305061E-01
-.5902965887E-01
-.5987209470E-01
-.6036605791E-01
-.6054978526E-01
-.6046270892E-01
-.6014425308E-01
-.5963281320E-01
-.5896492705E-01
-.5817462104E-01
-.5729288086E-01
-.5634727738E-01
-.5536179483E-01
-.5435680717E-01
-.5334904216E-01
-.5235171358E-01
-.5137479110E-01
-.5042520682E-01
-.4950719963E-01
-.4862268112E-01
-.4777153000E-01
-.4695200402E-01
-.4616109470E-01
-.4539481178E-01
-.4464855736E-01
-.4391739351E-01
-.4319623411E-01
-.4248012064E-01
-.4176440040E-01
-.4104482581E-01
-.4031770691E-01
-.3957995331E-01
-.3882911389E-01
-.3806341080E-01
-.3728171184E-01
-.3648352610E-01
-.3566898336E-01
-.3483871228E-01
-.3399380170E-01
-.3313575448E-01
-.3226637493E-01
-.3138771896E-01
-.3050200406E-01
-.2961153869E-01
-.2871869604E-01
-.2782582258E-01
-.2693514771E-01
-.2604879121E-01
-.2516874821E-01
-.2429682078E-01
-.2343457715E-01
-.2258338281E-01
-.2174437892E-01
-.2091847733E-01
-.2010638417E-01
-.1930857730E-01
-.1852534034E-01
-.1775679637E-01
-.1700285645E-01
-.1626329320E-01
-.1553780611E-01
-.1482595302E-01
-.1412718231E-01
-.1344088262E-01
-.1276639980E-01
-.1210305764E-01
-.1145015279E-01
-.1080693544E-01
-.1017268884E-01
-.9546721738E-02
-.8928307997E-02
-.8316765858E-02
-.7711473100E-02
-.7111847545E-02
-.6517334886E-02
-.5927367285E-02
-.5341416901E-02
-.4759051473E-02
-.4179845929E-02
-.3603392566E-02
-.3029320945E-02
-.2457265215E-02
-.1886885221E-02
-.1317869451E-02
-.7499255751E-03
-.1827697682E-03
0.3839012541E-03
0.9504003894E-03
0.1517000636E-02
0.2083968772E-02
0.2651633481E-02
0.3220345019E-02
0.3790440291E-02
0.4362263698E-02
0.4936203783E-02
0.5512709942E-02
0.6092250833E-02
0.6675313853E-02
0.7262425805E-02
0.7854174038E-02
0.8451195858E-02
0.9054153095E-02
0.9663747654E-02
0.1028073464E-01
0.1090588237E-01
0.1154001090E-01
0.1218396112E-01
0.1283854451E-01
0.1350457307E-01
0.1418285574E-01
0.1487417204E-01
0.1557924649E-01
0.1629871663E-01
0.1703312578E-01
0.1778291939E-01
0.1854839964E-01
0.1932968767E-01
0.2012673564E-01
0.2093930719E-01
0.2176692176E-01
0.2260885967E-01
0.2346415539E-01
0.2433160692E-01
0.2520974273E-01
0.2609682978E-01
0.2699091659E-01
0.2788983792E-01
0.2879122502E-01
0.2969257699E-01
0.3059131327E-01
0.3148480362E-01
0.3237042402E-01
0.3324565956E-01
0.3410822250E-01
0.3495608864E-01
0.3578754789E-01
0.3660130726E-01
0.3739664717E-01
0.3817349173E-01
0.3893240152E-01
0.3967462811E-01
0.4040221819E-01
0.4111801657E-01
0.4182561902E-01
0.4252933801E-01
0.4323412967E-01
0.4394549728E-01
0.4466934086E-01
0.4541171701E-01
0.4617863139E-01
0.4697576742E-01
0.4780812599E-01
0.4867971676E-01
0.4959317917E-01
0.5054934842E-01
0.5154683423E-01
0.5258160898E-01
0.5364663529E-01
0.5473152466E-01
0.5582210147E-01
0.5690018671E-01
0.5794348265E-01
0.5892547208E-01
0.5981545767E-01
0.6057873622E-01
0.6117699042E-01
0.6156887196E-01
0.6171068849E-01
0.6155730664E-01
0.6106332965E-01
0.6018440983E-01
0.5887876641E-01
0.5710887715E-01
0.5484333430E-01
0.5205883020E-01
0.4874217526E-01
0.4489232922E-01
0.4052246853E-01
0.3566188674E-01
0.3035773203E-01
0.2467647940E-01
0.1870502181E-01
0.1255129599E-01
0.6344361478E-02
0.2338153393E-03
-.5950523554E-01
-.5963136616E-01
-.5973519872E-01
-.5981697747E-01
-.5987694447E-01
-.5991533988E-01
-.5993240220E-01
-.5992836845E-01
-.5990347448E-01
-.5985795511E-01
-.5979204437E-01
-.5970597568E-01
-.5959998198E-01
-.5947429593E-01
-.5932914997E-01
-.5916477643E-01
-.5898140763E-01
-.5877927592E-01
-.5855861374E-01
-.5831965366E-01
-.5806262840E-01
-.5778777082E-01
-.5749531393E-01
-.5718549087E-01
-.5685853492E-01
-.5651467943E-01
-.5615415786E-01
-.5577720374E-01
-.5538405059E-01
-.5497493197E-01
-.5455008138E-01
-.5410973225E-01
-.5365411793E-01
-.5318347166E-01
-.5269802657E-01
-.5219801564E-01
-.5168367172E-01
-.5115522745E-01
-.5061291532E-01
-.5005696757E-01
-.4948761627E-01
-.4890509326E-01
-.4830963018E-01
-.4770145842E-01
-.4708080916E-01
-.4644791332E-01
-.4580300159E-01
-.4514630439E-01
-.4447805190E-01
-.4379847403E-01
-.4310780045E-01
-.4240626054E-01
-.4169408340E-01
-.4097149784E-01
-.4023873240E-01
-.3949601529E-01
-.3874357446E-01
-.3798163754E-01
-.3721043184E-01
-.3643018438E-01
-.3564112181E-01
-.3484347048E-01
-.3403745635E-01
-.3322330507E-01
-.3240124192E-01
-.3157149185E-01
-.3073427946E-01
-.2988982897E-01
-.2903836428E-01
-.2818010889E-01
-.2731528598E-01
-.2644411836E-01
-.2556682848E-01
-.2468363846E-01
-.2379477005E-01
-.2290044470E-01
-.2200088348E-01
-.2109630717E-01
-.2018693622E-01
-.1927299078E-01
-.1835469070E-01
-.1743225553E-01
-.1650590456E-01
-.1557585678E-01
-.1464233095E-01
-.1370554556E-01
-.1276571891E-01
-.1182306903E-01
-.1087781378E-01
-.9930170820E-02
-.8980357637E-02
-.8028591549E-02
-.7075089729E-02
-.6120069221E-02
-.5163746944E-02
-.4206339719E-02
-.3248064273E-02
-.2289137261E-02
-.1329775281E-02
-.3701948895E-03
0.5893873765E-03
0.1548754993E-02
0.2507691419E-02
0.3465980106E-02
0.4423404448E-02
0.5379747810E-02
0.6334793459E-02
0.7288324599E-02
0.8240124309E-02
0.9189975556E-02
0.1013766117E-01
0.1108296384E-01
0.1202566607E-01
0.1296555022E-01
0.1390239844E-01
0.1483599268E-01
0.1576611468E-01
0.1669254593E-01
0.1761506768E-01
0.1853346093E-01
0.1944750639E-01
0.2035698450E-01
0.2126167540E-01
0.2216135891E-01
0.2305581456E-01
0.2394482155E-01
0.2482815878E-01
0.2570560479E-01
0.2657693780E-01
0.2744193565E-01
0.2830037587E-01
0.2915203557E-01
0.2999669155E-01
0.3083412022E-01
0.3166409766E-01
0.3248639958E-01
0.3330080132E-01
0.3410707789E-01
0.3490500392E-01
0.3569435369E-01
0.3647490114E-01
0.3724641988E-01
0.3800868319E-01
0.3876146401E-01
0.3950453498E-01
0.4023766841E-01
0.4096063632E-01
0.4167321043E-01
0.4237516216E-01
0.4306626268E-01
0.4374628286E-01
0.4441499328E-01
0.4507216428E-01
0.4571756592E-01
0.4635096801E-01
0.4697214012E-01
0.4758085159E-01
0.4817687152E-01
0.4875996881E-01
0.4932991211E-01
0.4988646983E-01
0.5042941018E-01
0.5095850116E-01
0.5147351056E-01
0.5197420602E-01
0.5246035497E-01
0.5293172470E-01
0.5338808234E-01
0.5382919490E-01
0.5425482926E-01
0.5466475223E-01
0.5505873054E-01
0.5543653093E-01
0.5579792010E-01
0.5614266478E-01
0.5647053178E-01
0.5678128796E-01
0.5707470035E-01
0.5735053612E-01
0.5760856262E-01
0.5784854743E-01
0.5807025830E-01
0.5827346321E-01
0.5845793037E-01
0.5862342815E-01
0.5876972511E-01
0.5889658993E-01
0.5900379135E-01
0.5909109806E-01
0.5915827865E-01
0.5920510138E-01
0.5923133412E-01
0.5923674414E-01
0.5922109790E-01
0.5918416087E-01
0.5912569725E-01
0.5904546974E-01
0.5894323926E-01
0.5881876468E-01
