0.03456123874
0.05511705185
0.07560211075
0.095995034
0.1162746398
0.1364199921
0.15641044935
0.17622570755
0.19584584135
0.21525134355
0.23442316185
0.2533427329
0.27199201635
0.29035352575
0.30841035235
0.3261461853
0.3435453301
0.3605927236
0.3772739462
0.3935752307
0.40948346455
0.42498618605
0.440071583
0.45472848935
0.46894637295
0.4827153204
0.49602602565
0.5088697765
0.5212384315
0.5331244015
0.544520627
0.555420558
0.565818126
0.5757077245
0.5850841865
0.59394276
0.602279081
0.610089154
0.6173693335
0.6241162995
0.6303270405
0.635998841
0.641129275
0.6457162125
0.6497578515
0.653252768
0.656199973
0.6585989115
0.6604493185
0.6617507985
0.662502075
0.662699981
0.6623384775
0.66140811
0.6598962805
0.6577884355
0.655069886
0.6517276725
0.6477518905
0.6431361505
0.637877273
0.631974562
0.625429037
0.6182428385
0.6104188745
0.601960652
0.592872221
0.5831581745
0.57282367
0.5618744635
0.5503169455
0.5381581815
0.52540595
0.512068786
0.4981560164
0.4836777939
0.46864513415
0.45306994655
0.4369650622
0.4203442619
0.40322230265
0.38561493665
0.36753892475
0.3490120447
0.3300530946
0.3106818878
0.29091924265
0.2707869673
0.25030783765
0.22950556475
0.2084047541
0.18703085875
0.16541012455
0.14356952515
0.1215366884
0.0993398201
0.0770076246
0.05456921755
0.03205403031
0.009491711075
-0.013087975025
-0.0356552475
-0.0581804106
-0.08063394985
-0.10298662935
-0.1252095917
-0.14727445035
-0.16915337125
-0.19081915015
-0.21224528905
-0.2334060636
-0.25427657835
-0.2748328157
-0.29505168125
-0.31491103825
-0.3343897294
-0.3534675928
-0.37212547315
-0.3903452253
-0.4081097123
-0.42540280045
-0.4422093455
-0.4585151677
-0.4743070242
-0.4895725863
-0.504300415
-0.518479928
-0.5321013625
-0.545155742
-0.5576348405
-0.5695311465
-0.580837823
-0.5915486755
-0.6016581165
-0.61116113
-0.620053239
-0.628330475
-0.635989348
-0.6430268195
-0.649440276
-0.6552275135
-0.6603867215
-0.6649164785
-0.668815747
-0.6720838665
-0.6747205375
-0.6767257905
-0.678099941
-0.6788435445
-0.678957378
-0.6784424335
-0.677299937
-0.6755313755
-0.673138522
-0.6701234545
-0.666488565
-0.6622365745
-0.6573705455
-0.6518938935
-0.645810398
-0.6391242265
-0.6318399515
-0.6239625685
-0.6154975185
-0.606450715
-0.5968285605
-0.5866379695
-0.5758863905
-0.564581832
-0.5527328805
-0.5403487215
-0.5274391665
-0.514014668
-0.5000863335
-0.4856659444
-0.47076597105
-0.4553995829
-0.4395806564
-0.4233237873
-0.40664429345
-0.38955821075
-0.3720822923
-0.35423400555
-0.33603151865
-0.3174936861
-0.29864003605
-0.27949074885
-0.26006662925
-0.2403890814
-0.22048008055
-0.2003621313
-0.18005822305
-0.15959179225
-0.13898667965
-0.1182670785
-0.097457484
-0.0765826418
-0.05566748705
-0.034737082585
0.03465244581
0.05538992015
0.0760725631
0.09667650695
0.11717809045
0.1375539282
0.15778098945
0.17783664525
0.1976987091
0.2173454971
0.2367558802
0.25590931585
0.27478588485
0.2933663326
0.3116320897
0.32956528485
0.34714877085
0.36436614505
0.38120175245
0.39764068955
0.4136688108
0.42927271865
0.4444397528
0.45915799225
0.4734162468
0.487204027
0.5005115245
0.5133296065
0.525649791
0.53746421
0.54876559
0.559547239
0.5698030095
0.579527259
0.588714839
0.5973610725
0.605461713
0.6130129165
0.620011228
0.626453569
0.6323372175
0.637659833
0.642419543
0.64661511
0.6502462095
0.653313809
0.655820514
0.6577706225
0.659169615
0.660022922
0.6603341125
0.660103007
0.6593244595
0.6579884055
0.656081311
0.6535885515
0.65049687
0.646796091
0.6424796975
0.637544453
0.631989551
0.6258157665
0.619024851
0.611619196
0.6036016775
0.594975611
0.5857447605
0.5759133755
0.565486219
0.5544686005
0.542866422
0.530686225
0.5179352235
0.5046213445
0.4907532736
0.4763405015
0.4613933482
0.4459229964
0.4299415361
0.4134619974
0.39649836425
0.37906559325
0.36117963965
0.3428574671
0.32411704295
0.3049773376
0.2854583245
0.2655809615
0.24536715835
0.22483974345
0.20402242755
0.1829397571
0.1616170604
0.14008038735
0.11835643885
0.09647248925
0.07445630725
0.0523360723
0.030140285835
0.00789768047
-0.014362873815
-0.036612468045
-0.0588222483
-0.080963503
-0.1030077558
-0.1249268655
-0.1466931157
-0.16827928795
-0.1896587348
-0.2108054581
-0.23169417575
-0.25230037215
-0.27260034865
-0.292571278
-0.3121912437
-0.33143925985
-0.3502952922
-0.3687402819
-0.386756153
-0.40432580435
-0.42143311055
-0.4380629259
-0.45420106465
-0.4698342648
-0.4849501688
-0.49953731425
-0.5135851
-0.5270837385
-0.5400242245
-0.552398309
-0.564198456
-0.5754177945
-0.5860500885
-0.596089708
-0.6055315785
-0.614371137
-0.622604307
-0.6302274745
-0.6372374535
-0.6436314735
-0.6494071995
-0.6545628
-0.65909707
-0.6630095965
-0.666300914
-0.6689725495
-0.671026857
-0.672466621
-0.6732945505
-0.673512848
-0.6731230165
-0.672125924
-0.670522063
-0.668311865
-0.665495944
-0.662075217
-0.658050949
-0.6534247635
-0.6481986235
-0.6423748185
-0.635955986
-0.628945142
-0.6213456915
-0.6131614515
-0.6043966885
-0.595056159
-0.5851451245
-0.574669387
-0.563635335
-0.5520499735
-0.5399209445
-0.5272565625
-0.5140658535
-0.500358578
-0.4861452514
-0.47143717105
-0.45624644565
-0.44058600815
-0.4244696301
-0.40791193505
-0.39092840105
-0.3735353591
-0.35574999595
-0.337590349
-0.31907529005
-0.3002245084
-0.28105848975
-0.26159848185
-0.2418664553
-0.22188506955
-0.20167763075
-0.1812680356
-0.16068071635
-0.1399405883
-0.11907298405
-0.0981035745
-0.0770582998
-0.0559633094
-0.034844889335
0.034777649965
0.05574061805
0.0766477884
0.0974743082
0.11819555145
0.13878718595
0.1592252378
0.17948615315
0.1995468548
0.21938479535
0.2389780072
0.25830514765
0.2773455372
0.29607919415
0.31448686645
0.3325500583
0.35025104685
0.3675728911
0.38449943995
0.4010153416
0.4171060492
0.43275781605
0.4479576824
0.46269346105
0.4769537245
0.49072778945
0.504005696
0.516778185
0.529036673
0.5407732265
0.55198053
0.5626518595
0.5727810595
0.582362505
0.5913910755
0.5998621215
0.607771444
0.6151152685
0.6218902245
0.6280933335
0.6337220405
0.638774316
0.643248899
0.6471457275
0.6504665735
0.6532157525
0.655400575
0.65703108
0.6581187075
0.6586739465
0.658703525
0.658208082
0.657181218
0.655610375
0.6534792995
0.650771231
0.647471714
0.6435702195
0.639060405
0.6339394205
0.6282068765
0.6218639335
0.6149126965
0.6073558935
0.599196734
0.590438874
0.5810864225
0.571143976
0.560616651
0.5495101145
0.5378306175
0.525585038
0.5127809185
0.49942649675
0.48553074615
0.47110341195
0.4561550388
0.4406969976
0.42474152015
0.40830173135
0.39139166615
0.37402627865
0.35622145515
0.33799402755
0.3193617778
0.3003434319
0.2809586469
0.26122799075
0.2411729199
0.2208157531
0.2001796355
0.1792884904
0.158166967
0.13684038745
0.115334685
0.093676331
0.07189225885
0.0500097886
0.028056546675
0.006060379375
-0.01595073382
-0.03794876767
-0.0599057424
-0.08179381325
-0.1035853523
-0.1252530306
-0.14676990565
-0.16810950515
-0.1892458953
-0.21015374075
-0.23080836795
-0.2511858288
-0.2712629523
-0.2910173852
-0.31042762645
-0.3294730584
-0.34813397225
-0.36639158605
-0.38422805395
-0.40162646935
-0.4185708632
-0.4350461975
-0.451038353
-0.46653411315
-0.4815211466
-0.49598798285
-0.5099239805
-0.5233192965
-0.536164857
-0.5484523255
-0.560174064
-0.571323094
-0.5818930665
-0.5918782285
-0.6012733815
-0.6100738455
-0.618275425
-0.62587438
-0.632867405
-0.6392516345
-0.6450246845
-0.6501847655
-0.654730877
-0.6586630815
-0.661982743
-0.6646925765
-0.666796335
-0.6682981155
-0.6692014715
-0.669508674
-0.669220433
-0.668336149
-0.666854522
-0.664774234
-0.662094444
-0.6588150075
-0.654936468
-0.6504599505
-0.645387052
-0.639719763
-0.6334604295
-0.626611746
-0.619176771
-0.6111589535
-0.602562157
-0.593390694
-0.5836493585
-0.573343451
-0.56247881
-0.551061849
-0.5390995895
-0.5265996925
-0.51357049
-0.500021016
-0.48596103425
-0.4714010677
-0.45635242925
-0.4408272402
-0.4248384419
-0.40839981005
-0.39152597315
-0.37423242405
-0.3565355198
-0.33845247555
-0.3200013535
-0.3012010483
-0.28207127045
-0.2626325259
-0.24290608605
-0.22291394845
-0.2026787928
-0.18222393525
-0.16157327835
-0.1407512548
-0.11978276535
-0.09869311295
-0.07750793635
-0.0562531423
-0.034954831055
0.034906569115
0.05609863135
0.07722942615
0.09827341305
0.1192053093
0.1400001519
0.1606333544
0.1810807824
0.2013188182
0.22132440035
0.2410750754
0.26054905835
0.27972526725
0.29858334735
0.3171037114
0.33526757135
0.3530569432
0.3704546576
0.38744438075
0.4040106161
0.4201386945
0.4358147749
0.451025838
0.4657596631
0.48000481375
0.49375062865
0.506987188
0.519705277
0.531896375
0.543552637
0.5546668465
0.5652323765
0.575243179
0.584693753
0.5935790995
0.601894691
0.609636461
0.6168007715
0.6233843845
0.6293844865
0.6347987755
0.639625659
0.643864676
0.6475172075
0.6505873795
0.653082881
0.655015185
0.6563986265
0.6572481295
0.6575760105
0.657388833
0.6566854155
0.655456758
0.653687968
0.6513615055
0.648460614
0.6449718475
0.640886137
0.63619854
0.6309072715
0.6250126425
0.618516244
0.61142045
0.603728179
0.5954428075
0.586568149
0.577108469
0.56706852
0.556453577
0.545269461
0.5335225765
0.521219954
0.5083692805
0.49497892655
0.4810579846
0.4666163109
0.45166454915
0.4362141483
0.4202773921
0.403867431
0.38699829945
0.3696849231
0.35194312865
0.33378965435
0.3152421505
0.29631917175
0.27704016525
0.2574254504
0.2374961912
0.21727437045
0.19678275925
0.17604486925
0.15508489505
0.1339276638
0.11259858175
0.09112356055
0.0695289378
0.047841411865
0.02608797334
0.0042958159885
-0.01750775274
-0.039295388175
-0.0610397915
-0.0827138033
-0.10429048285
-0.12574317505
-0.14704559185
-0.16817190065
-0.1890967908
-0.20979552555
-0.23024400485
-0.25041883035
-0.270297351
-0.28985769615
-0.309078814
-0.3279405069
-0.346423453
-0.36450921855
-0.38218027
-0.3994199839
-0.41621264625
-0.43254344275
-0.44839844735
-0.4637646118
-0.4786297473
-0.49298249715
-0.5068123105
-0.520109421
-0.532864816
-0.5450702
-0.55671796
-0.5678011355
-0.5783133835
-0.5882489395
-0.5976025875
-0.606369624
-0.614545825
-0.622127416
-0.6291110595
-0.635493858
-0.641273398
-0.6464478745
-0.6510163235
-0.654978948
-0.658337427
-0.6610950005
-0.6632561285
-0.664825652
-0.665807645
-0.666204388
-0.6660159015
-0.665240231
-0.663874294
-0.661914895
-0.659359536
-0.656206813
-0.6524564175
-0.6481089315
-0.6431656155
-0.6376282385
-0.6314989615
-0.6247803005
-0.6174751415
-0.609586751
-0.601118782
-0.5920753145
-0.5824608985
-0.5722805745
-0.561539893
-0.5502449605
-0.53840248
-0.5260197665
-0.5131047865
-0.49966619805
-0.48571337005
-0.47125640205
-0.45630616775
-0.44087434335
-0.42497340925
-0.4086166695
-0.39181828575
-0.37459328085
-0.35695752735
-0.33892775875
-0.3205215771
-0.30175742885
-0.28265458495
-0.26323313515
-0.2435139604
-0.22351868685
-0.20326965465
-0.18278988395
-0.16210301505
-0.14123324805
-0.1202052958
-0.09904432105
-0.0777758595
-0.05642575475
-0.035020091745
0.035028947495
0.05643846965
0.07778002295
0.0990275376
0.1201552074
0.141137565
0.16194956685
0.1825666558
0.20296481045
0.22312060465
0.243011264
0.262614709
0.2819095956
0.30087535385
0.31949221195
0.33774121655
0.35560425965
0.37306409505
0.3901043367
0.4067094561
0.4228647848
0.43855650505
0.4537716347
0.46849801755
0.48272430665
0.49643993265
0.5096350775
0.5223006595
0.5344283005
0.5460102875
0.5570395405
0.5675095935
0.5774145525
0.5867490575
0.595508256
0.6036877825
0.6112837175
0.6182925605
0.624711238
0.6305371455
0.6357682805
0.6404035695
0.6444434875
0.647890975
0.6507524815
0.6530386895
0.6547642665
0.6559461625
0.6566005825
0.6567394385
0.656367451
0.6554809325
0.654068709
0.6521148615
0.649602279
0.646515817
0.6428441855
0.6385803795
0.6337210565
0.628265498
0.6222146455
0.615570442
0.608335472
0.6005128065
0.5921059495
0.583118832
0.5735558375
0.5634218365
0.55272222
0.5414629205
0.5296504525
0.517291955
0.504395214
0.4909686932
0.4770215677
0.4625637626
0.44760597275
0.4321596847
0.4162372093
0.39985170475
0.38301718195
0.3657485148
0.3480614596
0.3299726601
0.3114996361
0.29266077325
0.27347531755
0.2539633605
0.2341458111
0.21404436085
0.1936814452
0.1730802025
0.1522644307
0.1312585339
0.1100874555
0.08877661085
0.06735182515
0.04583926551
0.024265362275
0.002656728718
-0.01895991613
-0.040557828205
-0.06211032105
-0.08359084375
-0.10497305705
-0.126230913
-0.147338732
-0.16827127065
-0.18900378575
-0.2095120989
-0.22977265595
-0.24976257575
-0.2694596948
-0.2888426118
-0.30789072305
-0.32658424635
-0.344904243
-0.36283263865
-0.38035223265
-0.3974466977
-0.4141005856
-0.43029933255
-0.4460292429
-0.46127746025
-0.47603195485
-0.4902815184
-0.5040157365
-0.517224948
-0.529900221
-0.5420333315
-0.553616726
-0.5646434835
-0.5751072885
-0.585002405
-0.594323628
-0.603066249
-0.6112260365
-0.6187992145
-0.625782433
-0.6321727585
-0.637967723
-0.643165449
-0.6477648745
-0.651766067
-0.655170557
-0.657981481
-0.660203306
-0.661840992
-0.6628987595
-0.663378895
-0.663281095
-0.6626026235
-0.6613392095
-0.659486276
-0.6570399925
-0.653997841
-0.650358701
-0.64612264
-0.641290599
-0.6358641265
-0.6298452225
-0.623236274
-0.6160400315
-0.608259608
-0.5998985115
-0.590960668
-0.581450445
-0.57137268
-0.56073273
-0.549536498
-0.5377904545
-0.52550167
-0.5126778625
-0.4993274241
-0.48545944585
-0.4710837515
-0.4562109264
-0.44085233815
-0.42502016085
-0.40872740075
-0.3919879087
-0.3748163853
-0.35722839165
-0.33924035665
-0.3208695736
-0.30213419425
-0.2830532189
-0.26364647495
-0.2439345872
-0.22393895035
-0.2036816961
-0.1831856484
-0.1624742779
-0.1415716555
-0.12050239055
-0.0992915572
-0.0779646297
-0.0565474269
-0.03506604086
0.0351432473
0.056756633
0.0782951866
0.0997323686
0.121041939
0.14219802995
0.16317522085
0.18394860415
0.20449384285
0.2247872285
0.24480573725
0.2645270767
0.28392972715
0.30299297585
0.3216969426
0.34002259915
0.35795178725
0.3754672319
0.3925525467
0.40919223275
0.4253716731
0.44107712075
0.45629568395
0.47101531265
0.48522477855
0.49891364595
0.512072242
0.524691631
0.536763587
0.5482805555
0.559235622
0.569622479
0.579435395
0.5886691755
0.5973191315
0.605381047
0.612851153
0.6197261065
0.626003002
0.631679446
0.636753759
0.64122542
0.6450958455
0.648369445
0.651054661
0.6531643995
0.6547152115
0.65572495
0.6562093395
0.656178531
0.655634842
0.6545724825
0.652979329
0.650840067
0.6481395605
0.6448653825
0.641008976
0.636565563
0.6315333405
0.625912521
0.6197045635
0.6129116975
0.6055366845
0.5975827215
0.589053419
0.5799528135
0.5702853945
0.560056142
0.5492705495
0.5379346555
0.5260550715
0.5136390185
0.500694363
0.4872296434
0.47325410625
0.45877773165
0.44381125705
0.4283661976
0.41245486965
0.396090413
0.3792868047
0.3620588676
0.3444222777
0.32639356555
0.30799010985
0.28923012875
0.2701326701
0.25071759415
0.23100554655
0.2110179237
0.19077683465
0.1703050601
0.14962600695
0.1287636563
0.1077425033
0.0865874921
0.06532395185
0.04397752937
0.022574114815
0.001139763757
-0.02029937912
-0.041717155065
-0.06308746725
-0.08438435635
-0.1055820756
-0.12665516555
-0.14757852695
-0.16832748855
-0.18887787055
-0.20920604365
-0.2292889823
-0.24910431185
-0.26863035345
-0.2878461672
-0.3067315861
-0.32526724135
-0.34343458265
-0.36121589425
-0.37859430415
-0.3955537895
-0.4120791817
-0.42815616525
-0.4437712645
-0.4589118261
-0.47356600535
-0.48772274965
-0.5013717725
-0.5145035255
-0.527109175
-0.539180579
-0.5507102505
-0.561691323
-0.57211752
-0.581983127
-0.5912829575
-0.600012318
-0.608166982
-0.615743163
-0.622737492
-0.629147008
-0.6349691875
-0.640202043
-0.6448443065
-0.6488957055
-0.6523572695
-0.655231497
-0.6575221605
-0.6592335985
-0.6603695795
-0.660932106
-0.660920645
-0.6603321345
-0.659161785
-0.6574043125
-0.6550550975
-0.652110893
-0.6485700025
-0.6444320825
-0.639697803
-0.6343685345
-0.6284461475
-0.621932912
-0.614831461
-0.60714479
-0.59887628
-0.5900297205
-0.580609335
-0.570619812
-0.560066338
-0.5489546335
-0.5372909825
-0.525082268
-0.5123360045
-0.499060368
-0.4852642262
-0.4709571718
-0.4561495542
-0.4408525024
-0.4250779468
-0.40883864215
-0.39214818515
-0.37502102535
-0.3574724752
-0.3395187189
-0.321176813
-0.3024646798
-0.28340109505
-0.2640056699
-0.2442988281
-0.22430178055
-0.20403649335
-0.18352564565
-0.16279258205
-0.14186126355
-0.12075621115
-0.0995024398
-0.07812539255
-0.05665087735
-0.035104994745
0.03525109875
0.0570578747
0.0787831503
0.1003999729
0.1218817132
0.14320214365
0.16433551595
0.18525662575
0.2059408712
0.2263643135
0.24650373215
0.2663366683
0.28584146335
0.30499729635
0.3237842121
0.34218313945
0.3601759053
0.3777452441
0.39487480015
0.4115491267
0.4277536805
0.4434748077
0.4586997262
0.47341651005
0.4876140676
0.5012821085
0.5144111095
0.5269922915
0.539017591
0.5504796215
0.5613716335
0.5716874845
0.581421605
0.590568961
0.599125019
0.607085719
0.614447442
0.6212069975
0.6273616465
0.6329092065
0.6378483155
0.642178971
0.6459034005
0.649027147
0.6515599525
0.6535158245
0.654911722
0.655764836
0.6560891725
0.655892598
0.65517542
0.6539309535
0.652147791
0.6498128695
0.646914264
0.643442933
0.6393932275
0.6347624905
0.6295502625
0.623757516
0.6173861205
0.610438535
0.6029176695
0.5948268395
0.586169764
0.576950588
0.567173911
0.556844816
0.5459688995
0.534552294
0.522601707
0.5101244565
0.4971284941
0.4836224312
0.46961557315
0.45511794975
0.44014033365
0.4246942568
0.40879203495
0.39244678875
0.37567245325
0.35848378275
0.3408963569
0.32292658265
0.30459168955
0.28590972005
0.2668995138
0.24758068405
0.2279735924
0.20809932175
0.1879796397
0.16763695195
0.14709425545
0.12637509
0.1055034824
0.08450388215
0.06340109755
0.042220230905
0.02098660934
-0.0002742883189
-0.02153690583
-0.04277568398
-0.06396513275
-0.0850799006
-0.10609484665
-0.1269851173
-0.14772621735
-0.16829406875
-0.188665064
-0.2088161248
-0.22872476075
-0.24836911745
-0.2677280159
-0.28678098915
-0.3055083161
-0.3238910467
-0.3419110214
-0.35955088695
-0.37679410745
-0.3936249703
-0.41002858945
-0.4259909036
-0.441498664
-0.4565394189
-0.47110150225
-0.48517402045
-0.4987468266
-0.5118104905
-0.524356276
-0.5363761185
-0.5478625955
-0.558808892
-0.5692087705
-0.5790565455
-0.5883470505
-0.597075603
-0.6052379765
-0.612830372
-0.619849402
-0.626292075
-0.632155807
-0.637438477
-0.642138554
-0.646255297
-0.649788982
-0.6527410415
-0.6551139425
-0.6569106535
-0.6581337375
-0.6587843325
-0.6588614325
-0.6583618165
-0.6572806855
-0.6556127475
-0.6533532995
-0.6504989355
-0.6470477695
-0.642999278
-0.6383539815
-0.633113128
-0.627278481
-0.6208522125
-0.613836856
-0.6062353015
-0.598050811
-0.5892870455
-0.579948092
-0.5700384955
-0.5595632945
-0.5485280475
-0.53693886
-0.524802425
-0.51212606
-0.49891773755
-0.48518611235
-0.4709405577
-0.45619119615
-0.44094892075
-0.42522541735
-0.40903319175
-0.39238559265
-0.37529682455
-0.35778195645
-0.33985692895
-0.321538557
-0.30284452765
-0.28379339155
-0.26440454715
-0.2446982199
-0.2246954385
-0.2044180036
-0.1838884457
-0.16312997885
-0.1421664545
-0.12102230935
-0.09972250185
-0.07829244445
-0.05675793575
-0.03514508704
0.035354525075
0.0573482351
0.07925437965
0.10104560655
0.1226949094
0.14417570635
0.16546192275
0.18652806
0.20734925425
0.22790133425
0.2481608734
0.2681052366
0.28771262465
0.30696211005
0.3258336577
0.344308141
0.36236736025
0.3799940526
0.39717189005
0.41388547435
0.4301203306
0.4458628924
0.4611004823
0.47582129195
0.4900143554
0.503669517
0.516777401
0.5293293845
0.541317556
0.5527346805
0.563574167
0.573830035
0.5834968725
0.5925697955
0.601044421
0.6089168375
0.6161835725
0.6228415815
0.628888281
0.6343216745
0.6391406595
0.643345607
0.646939243
0.6499276385
0.652320872
0.6541327665
0.655379297
0.6560758745
0.656234329
0.655860674
0.6549544555
0.653509837
0.651517877
0.648969104
0.645855524
0.6421716285
0.6379144645
0.6330831645
0.627678335
0.6217015455
0.6151549975
0.6080413535
0.6003636765
0.592125421
0.5833304435
0.573983025
0.5640878955
0.5536502675
0.5426758645
0.531170953
0.5191423705
0.506597551
0.4935445527
0.4799920882
0.4659495501
0.45142703325
0.4364353589
0.4209860975
0.40509158395
0.38876492665
0.37202001635
0.35487153595
0.3373349671
0.3194265871
0.3011634585
0.28256341605
0.2636450535
0.24442770555
0.22493141945
0.2051769188
0.18518556665
0.16497933115
0.14458074435
0.12401284805
0.10329913225
0.0824634779
0.06153010115
0.040523490915
0.019468340645
-0.0016105191805
-0.022688190245
-0.043739779375
-0.06474046965
-0.08566558615
-0.10649066125
-0.1271915015
-0.1477442513
-0.16812545335
-0.18831211055
-0.2082817427
-0.22801243205
-0.2474828633
-0.2666723664
-0.285560957
-0.3041293663
-0.32235906415
-0.34023228155
-0.35773202845
-0.37484210235
-0.3915470923
-0.40783238325
-0.4236841562
-0.4390893781
-0.4540357869
-0.4685118785
-0.4825068959
-0.49601081135
-0.5090143005
-0.521508713
-0.533486048
-0.544938928
-0.555860574
-0.5662447765
-0.5760858675
-0.585378682
-0.5941185285
-0.602301168
-0.609922789
-0.61697998
-0.6234697075
-0.6293893115
-0.6347365285
-0.6395095485
-0.6437071055
-0.647328586
-0.6503740865
-0.6528443005
-0.6547401515
-0.6560621925
-0.656809946
-0.6569814455
-0.656573226
-0.6555808205
-0.6539995905
-0.6518255375
-0.6490558375
-0.645688992
-0.6417246855
-0.637163508
-0.6320066965
-0.6262559655
-0.6199134095
-0.612981462
-0.605462901
-0.5973608695
-0.588678898
-0.5794209265
-0.5695913345
-0.5591949785
-0.548237219
-0.5367239525
-0.524661645
-0.5120573695
-0.49891883335
-0.4852544113
-0.471073178
-0.4563849353
-0.44120024335
-0.42553045435
-0.40938773435
-0.39278507595
-0.3757363164
-0.3582561584
-0.34036017975
-0.32206483525
-0.3033874584
-0.284346258
-0.26496030475
-0.2452495158
-0.22523463445
-0.204937197
-0.1843794939
-0.163584533
-0.1425759953
-0.1213781767
-0.100015926
-0.0785145842
-0.0568999172
-0.035198038005
0.03545286798
0.0576278802
0.07971183835
0.10167676685
0.12349506515
0.1451395871
0.16658371855
0.1878014535
0.20876746175
0.2294571469
0.24984670165
0.26991315765
0.2896344232
0.308989314
0.3279575816
0.34651993495
0.36465805005
0.3823545731
0.39959312075
0.41635827335
0.4326355612
0.44841144715
0.46367330335
0.47840938545
0.49260880665
0.506261509
0.5193582265
0.531890446
0.543850374
0.5552308965
0.5660255405
0.576228434
0.585834278
0.594838307
0.60323625
0.6110242945
0.618199068
0.6247576285
0.6306975005
0.636016807
0.6407145795
0.644791316
0.648249789
0.65109591
0.6533392225
0.6549925145
0.6560703045
0.6565864675
0.656551765
0.6559721695
0.654848545
0.653177654
0.6509539755
0.64817162
0.64482575
0.640913274
0.6364328935
0.631384802
0.6257702835
0.6195913825
0.612850686
0.6055512175
0.5976963995
0.589290047
0.5803363825
0.570840055
0.5608061715
0.5502403215
0.5391486
0.527537628
0.515414578
0.5027872045
0.48966386895
0.47605356015
0.46196591875
0.4474112578
0.43240057545
0.41694556455
0.40105862795
0.38475289615
0.3680422356
0.35094124865
0.33346527295
0.31563038145
0.2974533764
0.2789517739
0.2601437858
0.241048301
0.22168486405
0.20207364875
0.18223542505
0.1621915189
0.14196376865
0.12157448
0.10104637895
0.08040255745
0.05966641725
0.0388616151
0.018012004055
-0.0028584319385
-0.023725643235
-0.0445655766
-0.0653542393
-0.0860677652
-0.1066824764
-0.1271749425
-0.14752204415
-0.1677010352
-0.1876895929
-0.2074658614
-0.2270085006
-0.24629673735
-0.2653104076
-0.2840299881
-0.3024366244
-0.3205121566
-0.33823914005
-0.35560086115
-0.3725813507
-0.38916539465
-0.40533853955
-0.4210870906
-0.4363981034
-0.4512593741
-0.46565942885
-0.4795875095
-0.493033556
-0.505988188
-0.518442687
-0.530388974
-0.5418195795
-0.5527276185
-0.5631067605
-0.5729512075
-0.5822556635
-0.5910153085
-0.599225772
-0.6068831105
-0.6139837785
-0.6205246025
-0.6265027605
-0.6319157645
-0.63676145
-0.6410379615
-0.644743723
-0.647877373
-0.650437641
-0.6524231485
-0.6538321835
-0.6546625255
-0.6549114155
-0.654575726
-0.6536523045
-0.6521383745
-0.650031865
-0.6473315635
-0.6440370915
-0.6401487745
-0.635667487
-0.6305945235
-0.6249315125
-0.6186803855
-0.611843372
-0.6044230115
-0.596422165
-0.587844042
-0.578692227
-0.568970705
-0.5586838935
-0.547836675
-0.536434429
-0.524483065
-0.5119890535
-0.498959463
-0.485401988
-0.4713249881
-0.45673752675
-0.4416494023
-0.42607117205
-0.41001418065
-0.3934905903
-0.3765134022
-0.35909647345
-0.34125453555
-0.3230032075
-0.30435900005
-0.285339317
-0.26596245325
-0.2462475812
-0.226214729
-0.2058847569
-0.1852793302
-0.1644208831
-0.1433325758
-0.12203824425
-0.10056234005
-0.07892986815
-0.05716632565
-0.03529763292
0.035568228855
0.05796614485
0.08027648695
0.10246921055
0.1245146965
0.1463838525
0.1680482211
0.1894800661
0.2106524417
0.2315392633
0.252115374
0.2723565975
0.29223978155
0.3117428351
0.33084474895
0.34952560635
0.367766594
0.3855500083
0.40285924515
0.4196787823
0.43599416025
0.4517919565
0.46705975415
0.48178611165
0.49596052675
0.5095733885
0.5226159325
0.535080203
0.546959016
0.558245906
0.568935076
0.57902136
0.5885001775
0.5973674825
0.6056197305
0.6132538445
0.6202671785
0.6266574885
0.632422944
0.637562194
0.642074522
0.6459601465
0.6492206765
0.6518596185
0.653882732
0.6552979935
0.6561150175
0.6563440175
0.655994633
0.6550750275
0.6535914885
0.651548521
0.648949254
0.6457959565
0.6420904825
0.637834567
0.633030002
0.627678729
0.6217829005
0.6153449075
0.608367404
0.60085333
0.592805936
0.584228809
0.575125893
0.565501513
0.555360408
0.544707762
0.533549231
0.521890965
0.509739641
0.4971024951
0.4839873461
0.47040261285
0.45635734315
0.44186124095
0.4269246838
0.4115587392
0.39577518585
0.37958652605
0.3630059863
0.3460475197
0.3287258138
0.31105628915
0.29305508645
0.27473905485
0.2561257412
0.23723337045
0.2180808148
0.19868756125
0.17907367975
0.15925979065
0.13926702795
0.11911699445
0.0988317073
0.0784335436
0.0579451903
0.037389593475
0.01678989978
-0.003830604982
-0.02444855587
-0.045040568935
-0.06558330125
-0.086053509
-0.10642810715
-0.1266842316
-0.14679929745
-0.16675104975
-0.18651761495
-0.2060775561
-0.2254099217
-0.24449428495
-0.2633107817
-0.28184015075
-0.30006376705
-0.3179636671
-0.3355225728
-0.35272391425
-0.369551842
-0.3859912351
-0.40202771265
-0.4176476412
-0.4328381263
-0.44758699835
-0.46188280885
-0.47571482685
-0.4890730179
-0.5019480155
-0.5143310995
-0.5262141825
-0.5375897785
-0.548450975
-0.558791407
-0.5686052285
-0.5778870775
-0.586632041
-0.594835629
-0.6024937525
-0.609602689
-0.6161590485
-0.622159747
-0.6276019855
-0.632483227
-0.636801164
-0.6405536975
-0.643738924
-0.646355116
-0.648400697
-0.649874223
-0.650774378
-0.6510999705
-0.650849925
-0.650023286
-0.6486192255
-0.646637048
-0.6440761915
-0.640936234
-0.637216905
-0.6329180965
-0.6280398695
-0.622582478
-0.6165463925
-0.6099323225
-0.6027412365
-0.5949743975
-0.5866333955
-0.577720174
-0.568237071
-0.558186863
-0.5475728025
-0.536398652
-0.5246687265
-0.5123879455
-0.4995618786
-0.48619678265
-0.47229964745
-0.4578782415
-0.44294115145
-0.4274978223
-0.41155859875
-0.3951347573
-0.3782385304
-0.36088313325
-0.3430827899
-0.32485274925
-0.3062092914
-0.2871697299
-0.26775240645
-0.24797667725
-0.22786289455
-0.2074323791
-0.18670737825
-0.16571101925
-0.1444672612
-0.1230008356
-0.1013371701
-0.07950231225
-0.0575228571
-0.03542585999