0.02539730287
0.03296484293
0.039938697575
0.04634287079
0.0522015207
0.0575387885
0.06237867545
0.0667449362
0.07066097695
0.07414977365
0.0772338195
0.0799350556
0.08227483235
0.0842738824
0.0859522926
0.08732947285
0.0884241552
0.08925438615
0.08983751785
0.0901902123
0.0903284524
0.0902675341
0.09002208875
0.08960608585
0.0890328559
0.0883150965
0.087464896
0.08649374015
0.08541253095
0.08423160495
0.0829607655
0.0816092743
0.0801858809
0.07869885115
0.0771559754
0.0755645858
0.07393157925
0.07226342775
0.07056619365
0.068845551
0.0671068069
0.06535490955
0.06359446205
0.06182974955
0.0600647422
0.05830310705
0.0565482357
0.0548032495
0.0530710058
0.05135411335
0.049654954545
0.04797568517
0.04631825935
0.0446844323
0.043075762435
0.04149361838
0.039939211385
0.038413585905
0.036917634335
0.03545210406
0.03401760628
0.032614613505
0.031243483285
0.029904459875
0.028597674405
0.027323152345
0.026080826865
0.024870531145
0.02369201669
0.02254496026
0.021428964285
0.02034355044
0.019288178705
0.018262246215
0.01726508744
0.01629597702
0.01535415079
0.014438789985
0.01354903385
0.012683984255
0.01184270094
0.01102420312
0.010227488035
0.009451511715
0.00869520421
0.00795747223
0.00723720609
0.006533271205
0.00584451488
0.00516976588
0.004507838331
0.0038575317115
0.0032176382015
0.002586942062
0.00196421602
0.0013482358755
0.000737768066
0.00013157260045
-0.00047159184775
-0.0010729612805
-0.001673772368
-0.0022752495345
-0.0028786144485
-0.0034850924425
-0.0040958961105
-0.0047122258525
-0.005335267475
-0.005966197645
-0.006606174915
-0.007256346155
-0.007917843925
-0.008591782585
-0.009279250605
-0.00998131641
-0.010699028715
-0.011433408485
-0.01218545229
-0.01295612803
-0.01374637059
-0.01455708752
-0.015389155965
-0.01624341251
-0.017120648645
-0.01802161886
-0.018947034295
-0.019897566805
-0.020873848
-0.02187645746
-0.0229059114
-0.023962668325
-0.02504713049
-0.026159639375
-0.02730047443
-0.028469851005
-0.02966790887
-0.03089470605
-0.03215021621
-0.033434333775
-0.0347468502
-0.03608747525
-0.037455814755
-0.03885136582
-0.040273498835
-0.04172147928
-0.04319443327
-0.04469135744
-0.046211108765
-0.047752387145
-0.04931372451
-0.0508934868
-0.05248986235
-0.05410084265
-0.0557242173
-0.0573575652
-0.0589982364
-0.06064333765
-0.06228972095
-0.0639339661
-0.0655723487
-0.06720086155
-0.0688151716
-0.070410609
-0.07198213945
-0.0735243615
-0.07503145595
-0.07649719415
-0.07791489675
-0.0792774196
-0.0805771291
-0.08180588565
-0.0829550009
-0.0840152154
-0.08497667205
-0.08582890055
-0.0865607782
-0.0871605154
-0.0876156186
-0.08791285975
-0.0880382446
-0.08797700765
-0.08771357155
-0.087231525
-0.08651361105
-0.0855416956
-0.0842967543
-0.0827588658
-0.0809071977
-0.0787199922
-0.07617458055
-0.07324739245
-0.06991397195
-0.0661490041
-0.06192634305
-0.05721907265
-0.051999554
-0.04623953165
-0.03991021681
-0.032982413925
-0.02542664903
0.020161689545
0.024070805005
0.02779300728
0.031328445605
0.03467745776
0.037840618055
0.04081878076
0.043613088585
0.046225000915
0.0486562961
0.0509090863
0.0529858113
0.05488924235
0.05662246205
0.05818885565
0.059592094
0.06083611255
0.0619251007
0.06286347595
0.06365585285
0.06430702365
0.06482194445
0.06520570355
0.0654635079
0.0656006431
0.06562245905
0.065534358
0.06534175755
0.06505008015
0.06466474265
0.06419112495
0.06363455395
0.06300030155
0.0622935525
0.06151941565
0.0606828893
0.0597888632
0.05884210275
0.05784724605
0.0568087915
0.0557311028
0.05461838445
0.0534747005
0.0523039518
0.05110988055
0.049896063545
0.04866592022
0.047422703285
0.046169516825
0.04490930057
0.043644821
0.042378686965
0.041113344165
0.039851087225
0.038594068645
0.037344285105
0.036103577965
0.03487365195
0.033656061515
0.03245222873
0.03126344773
0.03009087396
0.02893554059
0.027798358085
0.026680118205
0.025581504975
0.0245030948
0.02344534807
0.022408629025
0.021393201195
0.020399243595
0.019426841905
0.01847599719
0.017546629955
0.01663857798
0.015751603165
0.01488541081
0.01403963464
0.01321384193
0.012407541255
0.011620186375
0.01085117163
0.010099850105
0.009365527655
0.008647467055
0.007944895465
0.007257000435
0.006582931255
0.00592180394
0.00527270693
0.004634710446
0.0040068585135
0.003388174996
0.0027776643885
0.0021743096585
0.0015770776125
0.0009849342565
0.0003968333723
-0.0001882758634
-0.0007714530275
-0.001353760492
-0.001936262538
-0.0025200165615
-0.0031060725385
-0.0036954801645
-0.004289277899
-0.004888496166
-0.005494148755
-0.006107235065
-0.0067287263
-0.00735959079
-0.00800076578
-0.008653165285
-0.009317669155
-0.00999513506
-0.010686385275
-0.01139220954
-0.012113360655
-0.0128505542
-0.01360444655
-0.0143756549
-0.015164752485
-0.015972259175
-0.016798640685
-0.017644309395
-0.01850960432
-0.01939479572
-0.020300090235
-0.021225618265
-0.02217144067
-0.02313753807
-0.024123806415
-0.02513005088
-0.02615598386
-0.027201217755
-0.02826526768
-0.02934753721
-0.030447329515
-0.031563839025
-0.03269613562
-0.033843168055
-0.035003751885
-0.036176571365
-0.037360179555
-0.03855299706
-0.03975329629
-0.04095920914
-0.042168702935
-0.04337959636
-0.044589549145
-0.045796068855
-0.046996503555
-0.04818803031
-0.04936765361
-0.0505322261
-0.05167842185
-0.05280274935
-0.0539015585
-0.05497103165
-0.05600717925
-0.0570058678
-0.05796280575
-0.05887354635
-0.05973349825
-0.0605379409
-0.0612820276
-0.06196079475
-0.062569174
-0.0631020039
-0.0635540334
-0.06391995545
-0.06419442055
-0.0643720448
-0.0644474405
-0.0644152292
-0.06427005315
-0.06400661795
-0.06361970935
-0.06310421905
-0.06245516805
-0.061667739
-0.0607373024
-0.05965943405
-0.05842994385
-0.05704491425
-0.05550071455
-0.05379402515
-0.05192187185
-0.04988162535
-0.04767102922
-0.04528821168
-0.04273168816
-0.040000367225
-0.03709355221
-0.0340109255
-0.030752524905
-0.027318712905
-0.023710152465
-0.019927751265
0.0164553558
0.018595956205
0.020649671855
0.022616283955
0.024495604085
0.026287502395
0.027991903145
0.02960880145
0.031138281725
0.0325805257
0.033935808565
0.03520452141
0.036387168665
0.03748437063
0.0384968675
0.03942553258
0.04027135362
0.041035438955
0.04171902864
0.042323473945
0.04285024419
0.043300919555
0.043677189585
0.043980837325
0.044213747
0.044377885735
0.04447530937
0.044508142935
0.044478585435
0.04438889388
0.044241371135
0.04403837213
0.0437822882
0.043475536425
0.043120554645
0.042719797905
0.042275724335
0.04179079511
0.04126746511
0.04070817726
0.040115350445
0.039491372245
0.03883860465
0.03815936708
0.03745593871
0.0367305543
0.03598539218
0.0352225679
0.03444414516
0.033652124645
0.032848435575
0.03203494555
0.031213444415
0.03038565014
0.02955320223
0.028717667265
0.02788053308
0.02704321161
0.02620703172
0.025373244995
0.024543016805
0.02371744224
0.022897534795
0.02208422506
0.021278364395
0.02048073084
0.01969201874
0.018912858305
0.01814380041
0.017385323055
0.01663783358
0.015901672535
0.01517711532
0.014464367
0.013763573495
0.013074814105
0.01239811096
0.011733424525
0.01108067358
0.01043970746
0.00981033555
0.009192312235
0.008585351485
0.007989117025
0.007403237315
0.006827293565
0.006260835375
0.00570337724
0.005154404695
0.004613369307
0.0040796960955
0.0035527827155
0.003032008889
0.0025167306585
0.0020062927785
0.001500013702
0.0009972033205
0.00049716362915
-8.148006265e-7
-0.0004974492128
-0.0009934523755
-0.00148954657
-0.001986453437
-0.0024848852295
-0.0029855496865
-0.0034891410535
-0.003996349828
-0.0045078504395
-0.0050243004
-0.005546339325
-0.006074588745
-0.00660964176
-0.00715207498
-0.007702427175
-0.008261210685
-0.00882890389
-0.00940595219
-0.009992763605
-0.01058970862
-0.0111971045
-0.011815237625
-0.01244433877
-0.013084590665
-0.01373612367
-0.014399013455
-0.015073278075
-0.01575887972
-0.016455714215
-0.01716361311
-0.017882353375
-0.01861163595
-0.019351095535
-0.020100289285
-0.020858709465
-0.02162577178
-0.022400819
-0.023183112
-0.023971839605
-0.024766101225
-0.025564924965
-0.02636725139
-0.0271719434
-0.027977787125
-0.02878348702
-0.029587654555
-0.030388829095
-0.031185467995
-0.03197595404
-0.03275859145
-0.033531611105
-0.034293167655
-0.035041346225
-0.035774162605
-0.036489574135
-0.03718547588
-0.037859705825
-0.038510050485
-0.03913424349
-0.03972997926
-0.04029491644
-0.04082668557
-0.0413228918
-0.04178112221
-0.042198953915
-0.042573961915
-0.042903721165
-0.04318582719
-0.04341789213
-0.043597557305
-0.043722499945
-0.043790445515
-0.04379916719
-0.043746508345
-0.043630380905
-0.04344877421
-0.04319976652
-0.0428815353
-0.042492362245
-0.04203063056
-0.04149484139
-0.040883618545
-0.040195714045
-0.0394300101
-0.038585530755
-0.03766142603
-0.03665699812
-0.03557168666
-0.03440507022
-0.03315686397
-0.03182692502
-0.030415233765
-0.02892189743
-0.02734713935
-0.025691297205
-0.023954805235
-0.022138186195
-0.02024203902
-0.018267021115
-0.016213828255
0.01228940378
0.01318864826
0.01405904064
0.01490029883
0.01571208917
0.01649403086
0.01724571697
0.017966729255
0.018656631735
0.0193149898
0.019941387435
0.02053543045
0.021096754755
0.02162503529
0.02211998579
0.02258136698
0.02300899358
0.023402742125
0.02376253993
0.024088380145
0.024380326445
0.024638504125
0.024863103015
0.025054376885
0.025212648005
0.02533830299
0.02543179838
0.025493653375
0.0255244385
0.025524782315
0.02549537656
0.025436953635
0.025350299935
0.02523625441
0.025095694865
0.024929532255
0.024738713865
0.0245242158
0.024287044525
0.024028226335
0.02374881169
0.023449852095
0.023132420975
0.022797602065
0.022446478985
0.02208013016
0.021699635285
0.021306062835
0.02090047346
0.020483912585
0.02005741
0.01962197127
0.019178582695
0.01872821744
0.01827181137
0.01781027032
0.017344475625
0.016875270705
0.01640346495
0.015929834985
0.015455121005
0.01498002382
0.014505209565
0.014031306805
0.01355889812
0.013088528735
0.01262070673
0.012155900185
0.01169452892
0.01123697793
0.010783585745
0.01033465567
0.009890451215
0.00945120774
0.009017104875
0.00858829299
0.0081648913
0.007746974405
0.007334581525
0.006927724495
0.006526379335
0.006130491885
0.005739979975
0.005354723285
0.004974582521
0.0045993890455
0.0042289602105
0.00386307614
0.003501496646
0.003143966593
0.0027902128695
0.002439935795
0.002092832415
0.0017485776965
0.0014068345165
0.001067256254
0.0007294902615
0.0003931684884
0.0000579250488
-0.00027660832235
-0.000610808339
-0.0009450543475
-0.001279720516
-0.0016151786905
-0.0019517974135
-0.002289938264
-0.0026299554675
-0.0029721942805
-0.003316986499
-0.0036646455185
-0.0040154834445
-0.0043697948115
-0.0047278444965
-0.00508988543
-0.005456150235
-0.005826846505
-0.0062021583
-0.00658224502
-0.00696723373
-0.007357227815
-0.00775230383
-0.00815250842
-0.0085578464
-0.008968295
-0.00938379827
-0.00980426158
-0.010229555455
-0.010659513605
-0.011093923425
-0.011532538585
-0.011975074685
-0.012421208455
-0.012870564525
-0.013322739275
-0.01377728376
-0.01423370614
-0.014691468705
-0.01515000415
-0.015608689375
-0.0160668731
-0.016523860545
-0.016978925775
-0.01743129682
-0.01788017676
-0.01832472533
-0.01876406877
-0.01919730089
-0.019623492545
-0.02004168389
-0.020450895445
-0.02085012421
-0.0212383439
-0.02161451234
-0.021977581985
-0.022326495465
-0.02266017884
-0.022977565665
-0.023277589235
-0.02355918055
-0.023821282605
-0.024062859925
-0.02428288594
-0.024480364665
-0.024654318605
-0.02480380065
-0.02492789329
-0.025025727035
-0.025096472415
-0.025139343665
-0.025153603445
-0.02513857447
-0.025093626495
-0.02501819469
-0.024911782805
-0.02477395066
-0.024604329135
-0.02440262131
-0.02416859702
-0.023902093225
-0.023603026085
-0.02327138177
-0.02290722184
-0.022510676905
-0.02208194321
-0.02162127727
-0.02112900232
-0.02060549838
-0.020051198305
-0.019466578905
-0.018852166385
-0.018208519785
-0.017536218675
-0.016835861115
-0.01610805763
-0.015353409295
-0.01457250935
-0.013765918405
-0.012934155535
-0.01207769141
0.005554900815
0.005645842875
0.005741860555
0.005842659595
0.00594783285
0.0060568756
0.00616921077
0.006284198415
0.00640115158
0.006519357015
0.006638084815
0.00675658987
0.006874130245
0.006989974515
0.007103407465
0.007213734215
0.00732029601
0.00742247027
0.00751966542
0.00761133968
0.007696984615
0.007776133995
0.007848378225
0.00791335164
0.007970731175
0.00802025089
0.008061684445
0.00809485084
0.00811961742
0.008135889715
0.008143621035
0.008142797275
0.008133444165
0.008115621815
0.00808942778
0.00805499003
0.00801246821
0.007962040565
0.007903919735
0.0078383346
0.007765530005
0.007685775775
0.00759935551
0.00750655645
0.007407686345
0.00730306026
0.007192997065
0.007077827865
0.00695788272
0.006833489425
0.006704983305
0.006572691675
0.00643693704
0.00629804499
0.00615633108
0.006012108605
0.005865682445
0.00571734884
0.005567395215
0.00541609275
0.005263708585
0.00511049837
0.0049566966915
0.0048025364235
0.004648243557
0.004494018297
0.004340055523
0.0041865319175
0.004033610394
0.0038814439965
0.0037301713525
0.0035799109365
0.0034307762255
0.003282868202
0.003136269594
0.0029910485125
0.002847264517
0.0027049660865
0.0025641840255
0.002424939174
0.0022872394305
0.0021510858275
0.0020164689475
0.0018833721145
0.001751758825
0.00162159229
0.001492824285
0.001365397359
0.00123924461
0.001114299237
0.0009904766545
0.0008676920275
0.0007458557045
0.0006248722525
0.000504645453
0.00038507271125
0.0002660494699
0.00014746204735
0.00002920141766
-0.0000888491734
-0.0002068040374
-0.00032477594855
-0.00044287077325
-0.0005612066255
-0.0006798881805
-0.0007990249825
-0.0009187248645
-0.0010390886825
-0.0011602119135
-0.0012821942545
-0.0014051214345
-0.0015290732305
-0.0016541219395
-0.0017803397385
-0.00190778907
-0.0020365255005
-0.0021665902555
-0.002298019811
-0.00243084323
-0.002565085509
-0.002700745939
-0.0028378163705
-0.002976282191
-0.003116115603
-0.003257270289
-0.003399694689
-0.0035433238475
-0.0036880794545
-0.003833871921
-0.003980590169
-0.004128111081
-0.0042763031445
-0.004425018865
-0.004574094523
-0.0047233637505
-0.0048726352135
-0.00502170863
-0.00517037031
-0.005318401325
-0.005465556465
-0.005611583475
-0.005756217205
-0.00589918768
-0.006040209915
-0.00617899563
-0.006315240725
-0.00644863657
-0.00657887371
-0.00670562757
-0.006828571395
-0.006947380055
-0.007061727085
-0.007171278405
-0.007275713075
-0.00737471115
-0.007467955735
-0.00755513853
-0.00763596543
-0.0077101445
-0.00777740017
-0.007837478995
-0.00789013924
-0.00793516093
-0.00797234714
-0.00800152585
-0.008022554075
-0.008035319585
-0.00803973478
-0.00803574604
-0.008023341345
-0.008002546205
-0.007973419065
-0.00793606743
-0.00789064416
-0.007837347515
-0.007776415265
-0.00770813349
-0.00763283179
-0.00755089552
-0.007462752785
-0.007368878805
-0.00726979006
-0.00716605351
-0.007058267295
-0.006947072765
-0.00683314466
-0.00671718444
-0.00659991216
-0.00648207414
-0.0063644174
-0.00624769378
-0.006132647165
-0.006020003815
-0.005910454525
-0.00580465003
-0.005703174975
-0.005606542475
-0.00551517735
-0.005429395635
-0.00555432346
-0.00564523736
-0.005741233735
-0.00584201652
-0.00594717437
-0.00605620569
-0.00616853147
-0.006283515525
-0.00640046834
-0.00651867349
-0.006637396995
-0.006755894315
-0.006873426305
-0.006989262795
-0.00710268763
-0.007213011095
-0.00731957319
-0.007421744615
-0.0075189371
-0.007610595805
-0.007696215885
-0.00777534428
-0.007847568235
-0.00791252196
-0.00796988401
-0.008019382105
-0.00806079675
-0.008093947295
-0.008118697105
-0.00813495749
-0.00814267521
-0.008141838485
-0.00813247887
-0.00811465529
-0.008088466775
-0.008054043425
-0.008011533435
-0.007961120135
-0.00790300924
-0.007837431665
-0.00776463739
-0.007684894445
-0.007598480665
-0.00750569288
-0.00740683107
-0.00730221581
-0.007192166545
-0.007077003945
-0.006957061125
-0.00683267036
-0.006704160085
-0.006571862645
-0.006436104095
-0.006297204905
-0.00615548911
-0.006011266805
-0.005864839345
-0.00571650552
-0.0055665501
-0.005415251565
-0.00526287234
-0.0051096687
-0.00495588353
-0.0048017463685
-0.004647469687
-0.004493262167
-0.004339313767
-0.0041858061325
-0.00403290574
-0.0038807606485
-0.003729503475
-0.0035792617555
-0.0034301472435
-0.00328225967
-0.003135679863
-0.002990476366
-0.0028467047185
-0.0027044136625
-0.0025636391845
-0.002424405366
-0.0022867205165
-0.0021505887745
-0.002015994945
-0.0018829131855
-0.00175131395
-0.00162116487
-0.001492415621
-0.00136500682
-0.001238874361
-0.001113947851
-0.0009901449515
-0.000867388041
-0.000745583798
-0.000624633174
-0.00050443536
-0.00038489357995
-0.0002658963283
-0.0001473395316
-0.00002911001969
0.0000889053611
0.00020681869575
0.00032474248325
0.00044279422
0.000561089846
0.0006797332915
0.000798829695
0.000918488831
0.001038814498
0.0011598970795
0.001281835891
0.001404719155
0.001528626063
0.001653636164
0.0017798209775
0.0019072365355
0.002035942448
0.002165983054
0.0022973862735
0.002430178576
0.0025643815625
0.0026999995285
0.0028370312285
0.0029754588465
0.003115253437
0.0032563682375
0.00339875419
0.003542348613
0.0036870665915
0.0038328111285
0.003979483629
0.004126962332
0.0042751164185
0.004423805045
0.004572864981
0.004722119452
0.0048713860105
0.005020455315
0.00516911486
0.0053171414
0.005464298195
0.005610328985
0.005754973025
0.00589795471
0.006038995615
0.006177798675
0.006314064665
0.006447481995
0.0065777328
0.006704498895
0.006827460335
0.00694628729
0.00706065283
0.00717022927
0.00727468927
0.00737371424
0.007466987425
0.007554193935
0.00763503893
0.0077092355
0.007776511595
0.007836606855
0.007889285575
0.007934329535
0.007971540725
0.008000739305
0.00802178761
0.00803457011
0.00803899952
0.00803502704
0.008022641195
0.008001860805
0.0079727555
0.007935431595
0.007890035605
0.007836761465
0.007775853585
0.00770759787
0.00763232927
0.00755042818
0.007462322335
0.007368481235
0.00726942807
0.007165725405
0.00705796943
0.006946800585
0.00683289699
0.00671695244
0.00659969081
0.00648186008
0.00636421275
0.006247497245
0.006132463075
0.006019826185
0.00591027838
0.00580447395
0.005703005155
0.005606377355
0.005515018105
0.005429241865
-0.01228918279
-0.01318837788
-0.01405872136
-0.01489993353
-0.01571167966
-0.01649358036
-0.017245225575
-0.017966189345
-0.01865604344
-0.019314358155
-0.019940718645
-0.0205347266
-0.02109602165
-0.02162427292
-0.022119199645
-0.0225805593
-0.023008166065
-0.023401886825
-0.02376165811
-0.024087474125
-0.02437940048
-0.024637563705
-0.024862149765
-0.025053410365
-0.02521166722
-0.025337311515
-0.02543079595
-0.02549263829
-0.025523410195
-0.02552374731
-0.025494334155
-0.025435912485
-0.025349264345
-0.02523522425
-0.0250946659
-0.024928509255
-0.024737694415
-0.024523205105
-0.024286043695
-0.024027238915
-0.023747832405
-0.023448888695
-0.02313147491
-0.022796672525
-0.02244556131
-0.022079224255
-0.02169873819
-0.02130516993
-0.020899580625
-0.020483016815
-0.020056509685
-0.01962107284
-0.019177692255
-0.01872732787
-0.018270922965
-0.01780938676
-0.0173435957
-0.01687439624
-0.01640260047
-0.01592897961
-0.01545427759
-0.014979195795
-0.014504403235
-0.014030519245
-0.013558131185
-0.013087783115
-0.01261998032
-0.01215518628
-0.011693832895
-0.01123629726
-0.010782922335
-0.010334013555
-0.009889829125
-0.009450593965
-0.009016499685
-0.008587699785
-0.00816430961
-0.00774640771
-0.00733403085
-0.00692718808
-0.00652585427
-0.006129980835
-0.005739484115
-0.005354250815
-0.0049741409135
-0.0045989871545
-0.0042285897725
-0.003862742237
-0.0035012017275
-0.0031437096245
-0.002789988476
-0.0024397497855
-0.0020926785495
-0.0017484566935
-0.0014067437775
-0.001067196545
-0.000729460412
-0.00039317113385
-0.0000579597634
0.00027654744945
0.000610722116
0.0009449396045
0.001279575709
0.001615003312
0.001951584559
0.002289686712
0.0026296632245
0.0029718632405
0.003316619281
0.0036642450785
0.0040150459025
0.0043693167335
0.0047273271295
0.005089331685
0.00545555981
0.005826218065
0.00620148921
0.00658153413
0.00696648479
0.007356450245
0.00775150164
0.00815167909
0.00855698787
0.008967405265
0.0093828787
0.00980330995
0.01022856976
0.01065849217
0.01109287341
0.01153146432
0.0119739804
0.012420084505
0.01286941425
0.013321560175
0.013776078635
0.014232477485
0.014690228305
0.015148750365
0.01560743411
0.016065617115
0.016522611965
0.016977681965
0.01743006263
0.01787894646
0.018323500045
0.01876284594
0.0191960887
0.01962228859
0.02004049417
0.020449723355
0.0208489697
0.0212372067
0.02161339434
0.021976479305
0.022325406915
0.02265911034
0.022976512925
0.02327655184
0.02355816104
0.023820286475
0.02406188688
0.02428194307
0.02447945203
0.02465343501
0.02480294066
0.024927063645
0.025024927835
0.025095707145
0.025138618425
0.02515291924
0.025137924655
0.025093012775
0.025017613805
0.024911229675
0.02477342924
0.024603839465
0.02440216259
0.02416816657
0.02390169308
0.02360265563
0.023271045395
0.022906917535
0.02251040222
0.022081690595
0.02162105307
0.02112880461
0.020605326315
0.020051048995
0.01946645508
0.018852062275
0.018208438325
0.01753615577
0.016835816195
0.01610802421
0.01535338485
0.014572486695
0.013765897055
0.01293413568
0.01207767598
-0.016455206335
-0.018595750385
-0.02064940482
-0.02261595622
-0.024495222725
-0.02628706942
-0.02799141907
-0.029608273015
-0.031137712595
-0.03257991288
-0.03393515517
-0.03520382932
-0.03638643815
-0.037483608095
-0.038496078945
-0.03942471363
-0.040270505025
-0.041034569515
-0.04171813592
-0.042322563905
-0.042849319105
-0.04329998311
-0.043676235635
-0.04397987008
-0.04421276637
-0.044376896105
-0.044474306435
-0.0445071311
-0.044477561965
-0.044387856305
-0.044240324955
-0.044037318825
-0.04378122728
-0.043474469355
-0.043119481775
-0.042718719235
-0.042274646255
-0.041789721035
-0.041266393765
-0.040707109345
-0.040114286635
-0.03949031787
-0.038837560725
-0.03815833616
-0.03745491993
-0.036729540805
-0.035984378675
-0.03522156061
-0.03444314875
-0.033651141935
-0.03284747124
-0.03203399414
-0.031212502735
-0.03038471595
-0.0295522762
-0.028716752265
-0.02787963306
-0.0270423275
-0.02620616029
-0.02537238346
-0.024542171495
-0.023716613685
-0.02289671823
-0.02208341752
-0.02127756359
-0.020479932105
-0.01969122765
-0.01891207551
-0.01814302531
-0.01738455579
-0.01663707878
-0.0159009366
-0.015176398545
-0.01446367589
-0.013762903475
-0.013074166995
-0.012397488745
-0.0117328346
-0.01108010949
-0.010439177385
-0.00980983842
-0.0091918476
-0.00858491714
-0.00798871781
-0.00740287209
-0.00682696219
-0.006260539745
-0.00570311699
-0.005154177115
-0.0046131729405
-0.004079533024
-0.0035526534535
-0.003031912124
-0.0025166694985
-0.002006259667
-0.0015000118305
-0.0009972389135
-0.0004972360256
7.05805064e-7
0.00049729867855
0.0009932681025
0.0014893316675
0.0019862015115
0.0024845912365
0.0029852108495
0.003488763337
0.003995933512
0.0045073995455
0.00502382047
0.0055458329
0.00607405488
0.006609082045
0.00715148093
0.007701801645
0.00826055797
0.008828226325
0.009405252425
0.00999204722
0.010588971785
0.0111963499
0.0118144624
0.012443542905
0.013083770265
0.013735276585
0.01439813804
0.0150723717
0.015757937285
0.016454736565
0.01716260757
0.017881316265
0.018610571715
0.019350002315
0.02009917232
0.02085757345
0.021624621495
0.022399652425
0.023181931125
0.02397064139
0.02476488882
0.025563698135
0.026366017725
0.027170710935
0.02797655492
0.028782249845
0.029586414725
0.03038758513
0.03118422718
0.03197472143
0.032757372625
0.03353040377
0.03429197331
0.035040166005
0.03577300314
0.036488437465
0.03718436285
0.03785861404
0.03850897867
0.03913319709
0.039728957405
0.040293921515
0.040825719745
0.041321956655
0.041780214635
0.04219807923
0.042573124345
0.04290292424
0.0431850668
0.04341716532
0.04359686304
0.043721840525
0.04378982094
0.043798580595
0.04374595497
0.043629859695
0.04344828483
0.043199308835
0.04288110872
0.04249196322
0.04203025364
0.041494487585
0.04088328812
0.04019540377
0.0394297194
0.03858525514
0.037661173885
0.036656769025
0.03557148354
0.03440489218
0.03315670872
0.031826783845
0.030415105
0.02892177853
0.027347033705
0.02569120692
0.02395473054
0.02213812905
0.020241999105
0.018266994135
0.01621381063
-0.020161579405
-0.02407062221
-0.02779274615
-0.031328109415
-0.03467705742
-0.037840166575
-0.0408182819
-0.043612543685
-0.046224405385
-0.04865565334
-0.05090840315
-0.0529850987
-0.05488850195
-0.05662170055
-0.05818807425
-0.0595912932
-0.06083529115
-0.0619242552
-0.062862601
-0.0636549523
-0.06430610375
-0.06482100705
-0.0652047461
-0.06546252545
-0.065599633
-0.06562142275
-0.0655333
-0.0653406823
-0.06504899085
-0.0646636413
-0.0641900072
-0.0636334211
-0.06299915815
-0.0622924094
-0.06151827695
-0.0606817593
-0.05978774215
-0.0588409896
-0.0578461394
-0.0568076971
-0.0557300227
-0.05461732185
-0.0534736582
-0.0523029245
-0.05110886
-0.04989504798
-0.048664913045
-0.04742170926
-0.046168539175
-0.04490833248
-0.04364385692
-0.042377723115
-0.041112384285
-0.039850133525
-0.0385931204
-0.037343339425
-0.036102636965
-0.03487271676
-0.03365513374
-0.03245130943
-0.0312625349
-0.0300899706
-0.028934650145
-0.02779748422
-0.026679263275
-0.02558067197
-0.02450227716
-0.02344455041
-0.02240785363
-0.0213924583
-0.020398536075
-0.019426170145
-0.018475351315
-0.017546007775
-0.016637974995
-0.015751028285
-0.01488486458
-0.01403911417
-0.01321334046
-0.01240705781
-0.011619716555
-0.01085071356
-0.010099405915
-0.00936510358
-0.00864706607
-0.007944516415
-0.007256645815
-0.006582601735
-0.005921502865
-0.0052724401
-0.0046344818225
-0.004006669805
-0.0033880310455
-0.002777567423
-0.0021742563635
-0.0015770672265
-0.000984968855
-0.0003969133582
0.00018815199375
0.0007712869515
0.001353557158
0.001936025001
0.002519741233
0.003105762221
0.003695139609
0.004288909475
0.004888099063
0.005493725235
0.00610678302
0.00672824958
0.00735908748
0.00800023109
0.00865259471
0.009317062815
0.00999449607
0.01068571636
0.011391509085
0.01211262597
0.01284977813
0.013603628125
0.01437480416
0.01516387512
0.01597135843
0.016797716515
0.01764335589
0.01850861773
0.019393782635
0.020299053235
0.02122456316
0.02217036525
0.023136436395
0.02412267573
0.025128892965
0.026154798755
0.027200004865
0.02826402944
0.029346279195
0.030446063475
0.031562562105
0.032694845185
0.03384185842
0.03500243006
0.03617524975
0.037358873045
0.03855170406
0.039752018335
0.040957939615
0.04216743862
0.04337834063
0.044588309525
0.04579485007
0.04699530956
0.048186859535
0.049366506185
0.0505310986
0.0516773149
0.0528016664
0.0539005019
0.05497000125
0.056006181
0.05700490455
0.05796187825
0.05887265545
0.0597326479
0.06053713465
0.0612812664
0.0619600798
0.0625685013
0.0631013716
0.0635534419
0.0639194047
0.06419390905
0.06437156985
0.0644469964
0.06441480845
0.0642696508
0.0640062296
0.06361933425
0.063103854
0.06245481605
0.0616673986
0.06073696835
0.05965910615
0.05842962965
0.05704461625
0.0555004346
0.0537937648
0.05192163015
0.04988140551
0.04767083632
0.04528804418
0.0427315487
0.04000025679
0.037093471995
0.034010869345
0.03075248317
0.02731868102
0.02371013062
0.019927734815
-0.02539725951
-0.032964754915
-0.039938570065
-0.04634270972
-0.05220131375
-0.0575385282
-0.0623783582
-0.0667445541
-0.07066052635
-0.074149258
-0.0772332324
-0.07993439565
-0.0822741092
-0.08427310275
-0.08595145105
-0.08732857355
-0.08842320855
-0.08925339445
-0.08983648475
-0.09018914335
-0.0903273435
-0.0902663913
-0.0900209203
-0.0896048993
-0.0890316548
-0.0883138877
-0.0874636777
-0.0864925063
-0.0854112828
-0.0842303512
-0.0829595041
-0.08160800925
-0.08018462405
-0.0786976009
-0.07715473425
-0.07556335505
-0.07393035635
-0.072262208
-0.0705649811
-0.06884435
-0.06710561665
-0.06535372665
-0.06359328945
-0.06182858855
-0.06006359525
-0.05830197855
-0.05654712435
-0.05480215175
-0.0530699204
-0.0513530451
-0.04965390614
-0.047974663885
-0.046317268225
-0.044683465845
-0.04307481455
-0.041492690615
-0.03993830207
-0.03841269526
-0.036916762805
-0.0354512568
-0.034016779565
-0.03261380689
-0.03124269736
-0.029903689505
-0.02859691363
-0.02732240221
-0.02608008193
-0.02486979151
-0.02369128963
-0.022544245215
-0.021428256575
-0.02034285108
-0.0192874919
-0.018261569805
-0.017264422165
-0.016295332385
-0.01535352584
-0.014438188635
-0.01354846698
-0.01268345646
-0.01184221015
-0.011023753085
-0.010227073505
-0.00945113123
-0.00869486163
-0.00795717165
-0.007236941005
-0.0065330394
-0.005844321235
-0.00516960614
-0.004507709947
-0.0038574389345
-0.003217580835
-0.0025869150115
-0.0019642207525
-0.001348271158
-0.0007378274495
-0.0001316581126
0.0004714779212
0.001072818281
0.001673593938
0.0022750275285
0.0028783570895
0.003484802645
0.004095569583
0.00471185858
0.00533486264
0.00596575226
0.006605688945
0.007255823985
0.007917281945
0.008591175875
0.00927860904
0.0099806454
0.010698325275
0.011432673535
0.012184687775
0.012955333065
0.013745545135
0.01455623056
0.01538826145
0.01624247479
0.01711967061
0.018020606415
0.0189459907
0.019896503305
0.020872762505
0.02187534033
0.022904759225
0.023961486055
0.025045920695
0.0261584124
0.02729923856
0.0284686075
0.029666651195
0.0308934305
0.03214892021
0.033433017925
0.034745519815
0.03608613533
0.03745446519
0.038850007165
0.04027213327
0.041720107595
0.043193058655
0.044689986695
0.046209742275
0.047751026015
0.049312372755
0.0508921476
0.052488541
0.05409954605
0.05572295645
0.0573563473
0.0589970599
0.0606421968
0.06228861395
0.06393288625
0.0655713036
0.06719985745
0.06881421135
0.0704096915
0.07198126565
0.0735235219
0.07503064545
0.07649640825
0.0779141398
0.07927669455
0.0805764434
0.08180523985
0.08295439195
0.08401464285
0.08497614
0.0858284073
0.0865603277
0.0871601104
0.0876152499
0.0879125216
0.0880379389
0.08797673825
0.0877133356
0.0872313264
0.0865134424
0.0855415542
0.0842966351
0.0827587669
0.0809071065
0.07871990945
0.07617451035
0.0732473371
0.0699139235
0.0661489606
0.0619262981
0.0572190223
0.05199950745
0.0462394951
0.039910190645
0.03298239931
0.025426644425