0.000 0.0000 0.01 4 0.0000000000
0.000 0.0000 0.05 1 0.0000000000
0.000 0.0000 0.05 2 0.0000000000
0.000 0.0000 0.05 3 0.0000000000
0.000 0.0000 0.05 4 0.0000000000
0.000 0.0000 0.22 1 0.0000000000
0.000 0.0000 0.22 2 0.0000000000
0.000 0.0000 0.22 3 0.0000000000
0.000 0.0000 0.22 4 0.0000000000
0.000 0.0000 1.0 1 0.0000000000
0.000 0.0000 1.0 2 0.0000000000
0.000 0.0000 1.0 3 0.0000000000
0.000 0.0000 1.0 4 0.0000000000
0.000 0.0000 4.0 1 0.0000000000
0.000 0.0000 4.0 2 0.0000000000
0.000 0.0000 4.0 3 0.0000000000
0.000 0.0000 4.0 4 0.0000000000
0.000 0.0000 20.0 1 0.0000000000
0.000 0.0000 20.0 2 0.0000000000
0.000 0.0000 20.0 3 0.0000000000
0.000 0.0000 20.0 4 0.0000000000
0.000 0.0000 100.0 1 0.0000000000
0.000 0.0000 100.0 2 0.0000000000
0.000 0.0000 100.0 3 0.0000000000
0.000 0.0000 100.0 4 0.0000000000
0.000 0.0005 0.01 1 0.0000000000
0.000 0.0005 0.01 2 0.0000000000
0.000 0.0005 0.01 3 0.0000000000
0.000 0.0005 0.01 4 0.0000000000
0.000 0.0005 0.05 1 0.0000000000
0.000 0.0005 0.05 2 0.0000000000
0.000 0.0005 0.05 3 0.0000000000
0.000 0.0005 0.05 4 0.0000000000
0.000 0.0005 0.22 1 0.0000000000
0.000 0.0005 0.22 2 0.0000000000
